30
6
5 2 4 6 3 1
6
2 4 8 16 32 64
3
1 1 1
3
200000 200000 200000
200
109312 135612 157020 57324 92314 131660 109305 163275 88507 138067 176259 129783 35949 17999 177415 55208 37974 73765 180314 49767 94485 20934 30171 68880 67850 63031 99423 129138 169139 96395 73256 115512 137433 166504 132318 101365 193814 51856 149672 93176 28307 182763 28587 124379 102273 138904 72675 72744 174820 20857 132378 80142 122388 155339 3964 44185 99033 32359 17738 36529 73092 68307 50152 84942 91023 103628 15155 42613 99681 90303 140491 148405 159068 65890 39071 31578 40943 117636 85477 118209 7848 131605 161337 15796 67578 193687 42141 162738 110187 13236 56604 174291 189727 57427 80184 42071 63619 177289 158722 155739 134374 190888 31827 97137 149975 31894 7522 197684 32365 158606 12175 67882 151227 86748 71603 134413 128567 72434 61545 90174 188032 108274 65173 136107 182542 76241 141058 152954 43040 57449 151905 193956 51531 79214 108111 31475 192580 160513 190447 34097 27932 140875 111822 170199 36437 32619 97050 180305 55917 154527 97263 111286 83891 22782 190386 137642 46827 199541 93979 3316 181334 19551 1530 121458 108159 143332 3155 148358 185291 5558 80647 182192 96005 96413 13528 65097 157254 59504 173328 177133 40614 104425 6311 35325 160726 79049 189477 104740 122256 95377 150738 107953 179721 9933 9849 153414 44106 63093 116989 4419
200
1026 16758 52497 66690 23769 62757 47538 41382 73359 16929 4446 30780 17100 1278 20874 65391 83070 29607 78171 59214 51546 91377 21087 5538 38340 21300 2352 38416 120344 152880 54488 143864 108976 94864 168168 38808 10192 70560 39200 222 3626 11359 14430 5143 13579 10286 8954 15873 3663 962 6660 3700 1416 23128 72452 92040 32804 86612 65608 57112 101244 23364 6136 42480 23600 702 11466 35919 45630 16263 42939 32526 28314 50193 11583 3042 21060 11700 2046 33418 104687 132990 47399 125147 94798 82522 146289 33759 8866 61380 34100 2280 37240 116660 148200 52820 139460 105640 91960 163020 37620 9880 68400 38000 2256 36848 115432 146640 52264 137992 104528 90992 161304 37224 9776 67680 37600 2652 43316 135694 172380 61438 162214 122876 106964 189618 43758 11492 79560 44200 150 2450 7675 9750 3475 9175 6950 6050 10725 2475 650 4500 2500 1668 27244 85346 108420 38642 102026 77284 67276 119262 27522 7228 50040 27800 282 4606 14429 18330 6533 17249 13066 11374 20163 4653 1222 8460 4700 171 213 392 37 236 117 341 380 376 442 25 278 47 6 98 307 390 139 367 278 242 429 99 26 180 100 172299 11927 15829 170419 94060
200
0 0 0 0 0 0 0 0 0 0 0 0 0 0 0 0 0 0 0 0 0 0 0 0 0 0 0 0 0 0 0 0 0 0 0 0 0 0 0 0 0 0 0 0 0 0 0 0 0 0 0 0 0 0 0 0 0 0 0 0 0 0 0 0 0 0 0 0 0 0 0 0 0 0 0 0 0 0 0 0 0 0 0 0 0 0 0 0 0 0 0 0 0 0 0 0 0 0 0 0 0 0 0 0 0 0 0 0 0 0 0 0 0 0 0 0 0 0 0 0 0 0 0 0 0 0 0 0 0 0 0 0 0 0 0 0 0 0 0 0 0 0 0 0 0 0 0 0 0 0 0 0 0 0 0 0 0 0 0 0 0 0 0 0 0 0 0 0 0 0 0 0 0 0 0 0 0 0 0 0 0 0 0 0 0 0 0 0 0 0 0 0 0 0 0 0 0 0 0 0
200
0 1 0 1 0 1 1 0 1 1 0 0 0 0 0 0 1 1 1 0 0 1 1 0 0 0 0 0 1 1 0 0 1 0 0 0 0 0 0 0 1 1 0 0 0 0 1 1 0 0 1 1 0 0 0 1 0 0 0 0 1 0 1 1 0 0 1 1 0 0 1 1 0 0 1 0 0 1 0 1 0 1 1 1 0 0 0 1 0 0 1 0 0 1 0 1 0 1 1 0 1 1 0 1 0 0 0 1 0 0 1 0 1 0 0 0 1 0 1 1 1 1 0 1 1 0 1 1 1 0 0 0 1 1 1 0 1 1 1 1 0 0 1 0 0 0 1 1 1 0 0 0 1 0 0 0 1 0 1 1 1 1 0 1 0 1 1 0 0 0 0 1 0 1 1 1 0 1 0 0 0 1 0 0 1 0 0 0 0 0 1 1 0 1 0 1 1 1 0 1
200
0 0 0 0 0 0 0 0 0 0 0 0 0 0 0 0 0 0 0 0 0 0 0 0 0 0 0 0 0 0 0 0 0 0 0 0 0 0 0 0 0 0 0 0 0 0 0 0 0 0 0 0 0 0 0 0 0 0 0 0 0 0 0 0 0 0 0 0 0 0 0 0 0 0 0 0 0 0 0 0 0 0 0 0 0 0 0 0 0 0 0 0 0 0 0 0 0 0 0 0 43208 139804 125578 130859 86463 170827 152351 41104 98013 21980 129469 174247 18355 64707 81393 90562 170646 146022 127849 138543 41467 134460 27218 38839 117815 91440 26540 190896 28961 188978 197636 70363 182435 64826 8342 2354 185203 18177 195486 186905 80952 17222 98797 35001 128716 57480 185605 50199 1268 151892 193487 194841 82989 132883 154357 170269 103545 35621 35144 25911 164342 9454 109377 113109 82274 71236 103261 73184 179286 121065 190704 15054 169613 5068 21660 143622 85284 79595 114343 26594 184298 173161 6933 132339 140114 31642 92163 15755 120238 72145 158896 111647 10885 58732 147419 197523 45977 183685 110829 100121
200
80337 164186 17999 171649 4829 66289 183941 47763 97614 10701 102051 2871 39411 109359 915 1870 205 1955 55 755 2095 55083 112574 12341 117691 3311 45451 126119 77592 158576 17384 165784 4664 64024 177656 12078 24684 2706 25806 726 9966 27654 44469 90882 9963 95013 2673 36693 101817 439 261 5 301 424 66 243 183 374 41 391 11 151 419 19588 153668 182425 99017 86800 192385 168188 138024 192242 199310 39040 172312 83492 38611 129490 89651 77692 152682 46903 12275 106622 138882 96584 146781 170343 20144 126406 171800 67612 81991 58403 137267 86791 113821 24446 148144 163388 79137 125920 103437 138513 12050 194077 38121 138232 154125 136738 26372 80743 37769 50828 29854 2251 106599 139525 18071 46594 157053 122354 143569 20623 164099 23734 78654 81140 128018 69982 66599 132550 117117 1785 185427 35123 146902 113145 67125 152877 165855 54753 85258 32980 19640 153801 35294 100504 120505 169742 163571 68764 65012 148593 136073 94853 62507 149126 156925 114012 106353 58433 30237 120925 183452 154503 53297 140156 49523 86872 187404 163610 63718 128170 152785 27434 29369 183290 106906 43226 149678 95888 138817 76340 96124 5179 170813 77518 83496 119760 74706 162041 141284 130811 140442 179897 75167 165450 141595 587
200
187782 119546 171282 62401 95656 181509 84861 151266 20645 40067 31246 189688 122443 150171 27281 89021 136078 5346 124935 128828 77719 114584 39553 120715 123502 40354 144696 171592 25299 193376 140393 163562 34584 191453 193156 109959 35420 18926 174891 196401 74718 184301 162559 33771 167996 135973 103065 30349 38685 131986 28059 161909 157798 35109 57401 91206 169047 159325 115485 46052 24826 17942 155429 21229 166378 2641 182189 156671 68309 77645 147326 12865 123504 1659 193047 59459 98896 101779 109054 196099 5493 114488 106883 175919 15383 191839 30573 134434 69869 17161 90012 115803 29844 89755 77866 29374 155740 76450 93329 171101 185135 58579 179611 52872 150336 194154 191989 2197 171653 115143 173393 9132 170595 83258 19184 104822 70979 159610 14354 52755 148424 41174 116769 14852 74770 188356 146640 21774 42119 168940 97384 168003 104177 98672 99139 177547 162777 59038 32270 156088 133060 160547 198033 8633 150003 89455 44251 83393 20706 140995 4037 10161 156219 23197 152639 130934 194572 33854 160637 105350 70582 127427 194617 185265 25301 58516 157604 193149 157685 139927 30703 132955 189995 115013 83139 196519 105131 183820 191234 35816 176365 22940 148295 118024 46232 54947 48091 106974 98795 79773 17325 31229 5782 68900 85410 123650 192218 58788 73799 191861
200
4860 2940 6960 11850 12150 8640 3810 63342 38318 90712 154445 158355 112608 49657 16848 10192 24128 41080 42120 29952 13208 52812 31948 75632 128770 132030 93888 41402 55728 33712 79808 135880 139320 99072 43688 324 196 464 790 810 576 254 39042 23618 55912 95195 97605 69408 30607 30 391 104 326 344 2 241 162 98 232 395 405 288 127 193415 169930 1491 27478 192700 171771 22245 38177 128993 198050 169101 149424 84484 49314 101502 16968 48082 106823 70895 25706 48462 54471 118322 105083 177425 162515 17348 43453 148516 124698 159630 141768 8820 170198 194431 132494 103594 124024 91866 6855 17258 115895 94992 197028 157386 54013 108019 190875 9729 169583 146605 145097 25053 19873 24437 23503 73555 57294 148576 183881 111072 46914 112279 556 35322 16646 92422 132241 74980 90531 170982 46827 17225 15058 3644 103769 182658 190106 142508 8668 168221 175490 5798 166748 143790 157974 143163 160227 46817 187573 4953 40797 74114 136749 6128 37119 68877 38531 55964 105936 64499 129380 25317 173217 121525 53287 181116 9010 184673 28423 24524 88765 98384 30097 185607 99478 29539 144953 33091 184515 136088 198308 149554 155202 23074 155227 80649 141978 162286 152965 179442 36626 108503 159694 103639 79189 50812
200
109556 129168 81601 116283 78717 132965 178949 96456 93760 11035 97454 21985 72939 114936 148623 96318 39107 29434 76229 86641 8877 178893 127196 116263 181899 15246 124583 185256 95543 16238 193442 47475 47549 153129 167595 23959 56570 40003 179159 81006 194719 56927 87145 17431 26355 141392 199552 42073 137583 140001 171268 134825 23662 184864 2629 83814 166226 115426 167490 160636 179539 130248 93312 96275 118391 75924 185221 88557 191526 50657 112832 21580 1071 101087 46047 166924 142835 21677 190522 35806 105641 87394 106726 164828 174046 193284 51972 140314 154385 194868 178461 127302 9043 10018 92543 68808 118711 71705 7313 122731 30122 65599 134478 176510 29485 57811 44911 104209 171218 161445 92096 128588 22919 186830 63228 34237 137818 179416 140848 158871 145826 183746 93393 136829 113523 168038 140169 194416 110734 125518 129285 24351 34109 17424 177846 24298 190512 165527 113185 145536 136525 115348 35982 56818 138873 124879 22871 137378 66534 171609 95437 122893 141257 82388 100480 159452 174073 132856 133387 10485 124306 65091 135544 86323 158656 176716 54930 1885 106071 198243 65620 71312 182646 22651 150575 189557 44233 84442 50770 17823 13967 42884 33355 106406 112378 18442 156554 101925 109954 137060 35625 71967 189237 93541 79377 4939 181082 18512 127185 152404
200
8277 39516 25988 28213 28302 267 13617 29904 36642 174936 115048 124898 125292 1182 60282 132384 31806 151848 99864 108414 108756 1026 52326 114912 39618 189144 124392 135042 135468 1278 65178 143136 31341 149628 98404 106829 107166 1011 51561 113232 22599 107892 70956 77031 77274 729 37179 81648 5487 26196 17228 18703 18762 177 9027 19824 25482 121656 80008 86858 87132 822 41922 92064 89 394 342 426 337 243 59 274 93 444 292 317 318 3 153 336 119628 114423 37287 77597 2588 51131 156370 136551 33694 167916 155302 72406 132087 148592 38182 80828 124418 116422 95142 68269 170738 48703 69519 96625 147224 64696 91205 54526 64067 43878 25594 37010 20529 86273 132681 177290 94306 123896 196542 99791 196489 2006 109669 71693 129750 137838 149630 119557 144251 101414 44224 17192 71710 141757 126127 69244 27758 79781 27703 128611 40223 46864 173951 118857 188116 196429 99295 64763 67973 161730 64036 146972 188956 30755 84178 165234 138802 422 94564 6659 91295 164229 123178 85950 153867 9837 182425 79736 31634 22462 96196 70524 135571 9142 114429 42346 121058 116391 80696 44060 169150 103480 51362 71186 50869 159700 192577 114132 6862 97648 171359 10956 53475 77345 18703 13896 84830 178056 82674 182218
200
131073 65537 65537 131073 65537 131073 131073 65537 131073 65537 131073 131073 65537 65537 65537 65537 65537 65537 65537 131073 131073 65537 131073 131073 131073 65537 65537 65537 65537 131073 131073 65537 65537 131073 131073 131073 65537 65537 65537 131073 65537 65537 131073 131073 131073 131073 131073 65537 131073 65537 65537 131073 65537 131073 131073 131073 65537 131073 131073 131073 65537 131073 65537 131073 131073 65537 65537 131073 65537 131073 131073 131073 131073 131073 131073 65537 65537 131073 65537 65537 131073 131073 65537 65537 131073 65537 65537 131073 131073 65537 65537 131073 131073 131073 65537 65537 65537 131073 131073 65537 65537 131073 131073 131073 65537 131073 65537 65537 131073 65537 131073 131073 65537 131073 65537 65537 131073 65537 131073 131073 65537 131073 65537 131073 65537 131073 65537 65537 131073 65537 131073 131073 65537 65537 131073 131073 65537 131073 131073 131073 131073 65537 65537 131073 131073 131073 65537 131073 65537 65537 131073 131073 65537 65537 131073 65537 131073 131073 65537 65537 65537 131073 131073 65537 131073 65537 131073 65537 65537 65537 131073 65537 65537 131073 65537 65537 65537 131073 65537 131073 65537 65537 131073 131073 65537 131073 65537 131073 65537 65537 65537 131073 131073 65537 131073 65537 65537 131073 131073 65537
200
191157 182739 96366 37161 186591 70329 96044 192922 158033 72263 158115 142600 199553 24214 61003 32787 70735 121881 57105 156684 94028 187825 149533 15553 171843 51368 88451 188990 24030 66871 185562 10546 145708 110041 21911 93935 167350 57457 177523 1889 44736 156501 11514 144546 194488 69397 65555 152391 13841 13134 8136 74520 29998 183534 62365 27609 147723 7831 69609 42848 194416 60593 625 128002 159094 182771 178691 84513 183043 197542 30827 1245 99409 133264 11471 98044 179981 117130 71961 188746 156887 23347 40906 13006 6902 123214 9626 106841 195642 80639 25567 53589 8679 22361 172794 37478 21457 100661 4462 57052 17399 26825 37218 77462 61368 185019 47211 194794 45675 128211 19025 47356 193865 63492 118827 27973 110345 68750 33499 198378 110711 184296 95018 67942 90939 52459 120130 173461 133062 35707 72673 155256 26162 133409 166753 155008 69997 132693 15282 181943 26364 14173 39428 7632 66169 103857 79896 230 49119 193208 139819 121062 176660 169961 45638 158132 166331 14727 45998 94084 73700 75203 79683 121779 10047 117499 29252 138363 195332 123087 111323 3431 124404 122346 60511 112141 60661 123961 13358 58852 134003 37619 100394 138327 65968 3082 177070 63844 162626 72052 36426 99469 31032 78778 164772 93470 147450 117651 59897 104355
200
59482 56317 13830 100524 63910 183150 146581 198428 49551 64601 196804 17363 192348 88681 151072 175456 145928 83201 125328 131225 119067 102928 32877 36386 50815 185675 25234 106516 185001 63646 153801 113449 150946 22257 27346 170266 101497 125575 59734 122999 124474 71503 32412 158364 160754 13139 45648 189390 132771 185092 88387 191961 86239 18718 150996 111900 119715 159286 193886 164782 15225 34679 66667 54135 142205 113031 78486 79445 47401 70970 180095 190625 82084 196164 148046 163774 47402 158 192778 20435 185405 109900 115256 141268 38557 120373 103156 50207 142181 66010 61495 57092 69653 7548 184361 101858 94802 47599 20694 64497 59439 122902 2379 128242 173881 4044 67267 67048 55258 34337 123559 103252 46589 10338 56952 14340 2314 109340 110357 51627 72042 57324 146695 184333 123174 60768 173831 75851 142692 14785 83943 93986 49150 20362 70555 57654 192211 10494 150812 143888 8534 85767 127314 144443 19633 151198 56585 110235 136272 2823 13325 102832 151890 51246 173659 160581 91193 139050 177565 165248 25125 71340 120512 179377 16166 61297 89706 159995 180343 177263 63881 199801 153782 54746 32758 37707 15817 50452 74988 102189 65033 39625 182849 77268 73724 168718 197400 122200 139639 150029 134198 100021 105197 60221 121641 111181 14505 120851 3844 114057
200
111423 186840 34770 93129 88299 22857 191771 103894 109195 165711 118902 186681 169884 120816 105127 95280 45956 386 819 31799 180563 135321 154998 118910 11860 155286 78761 85183 174604 152612 112003 83891 47641 110872 120636 18065 83904 80382 80548 142409 22095 65395 129259 119574 199822 60282 101336 32672 66858 59590 129302 126524 111380 35028 93386 71043 17005 190492 97838 142221 82454 174819 71726 163514 106873 8757 91147 12689 66252 173198 175733 88628 138898 160776 41911 162504 156875 151324 8411 66646 17191 124749 111166 139466 36331 4110 185564 12513 188921 97457 148227 145434 15594 176110 70242 8753 136415 9869 102447 8526 160358 138271 160780 35621 106841 91073 40191 34446 175037 175081 190024 156879 124653 170243 6965 91503 96438 80683 178214 45276 155111 40370 153874 177599 157159 145823 198175 137939 107915 199582 139901 66426 117223 178746 19931 17748 173518 80509 89825 36589 45394 26078 198984 112871 48832 123011 123519 15655 155535 44306 125928 112653 133546 183524 115518 38698 176953 117470 138260 2654 32728 120897 183634 41799 36651 14564 47298 148119 74805 53384 11727 199563 9706 121418 56383 76133 153206 27046 4219 196330 17436 198862 150069 140291 36079 109216 86566 101061 106869 139755 138159 134562 8542 110454 60660 174335 56650 117926 181709 7908
200
64380 126984 81696 161616 29304 140304 153180 96348 12876 888 2220 9768 154068 44080 86944 55936 110656 20064 96064 104880 65968 8816 608 1520 6688 105488 17545 34606 22264 44044 7986 38236 41745 26257 3509 242 605 2662 41987 44515 87802 56488 111748 20262 97012 105915 66619 8903 614 1535 6754 106529 6960 13728 8832 17472 3168 15168 16560 10416 1392 96 240 1056 16656 13920 27456 17664 34944 6336 30336 33120 20832 2784 192 480 2112 33312 62640 123552 79488 157248 28512 136512 149040 93744 12528 864 2160 9504 149904 62350 122980 79120 156520 28380 135880 148350 93310 12470 860 2150 9460 149210 49155 96954 62376 123396 22374 107124 116955 73563 9831 678 1695 7458 117633 18850 37180 23920 47320 8580 41080 44850 28210 3770 260 650 2860 45110 36105 71214 45816 90636 16434 78684 85905 54033 7221 498 1245 5478 86403 35235 69498 44712 88452 16038 76788 83835 52731 7047 486 1215 5346 84321 64815 127842 82248 162708 29502 141252 154215 96999 12963 894 2235 9834 155109 444 304 121 307 48 96 432 430 339 130 249 243 447 145 286 184 364 66 316 345 217 29 2 5 22 347 1091 95579 115202 179816 143979
200
0 1 1 0 1 1 0 1 1 0 0 1 0 1 1 0 1 1 0 0 1 1 1 0 1 0 0 1 0 0 0 0 0 1 0 0 1 1 1 1 0 1 0 0 0 1 0 1 1 0 0 1 1 0 0 0 1 0 0 1 1 1 1 0 0 0 0 1 1 0 1 1 1 0 1 1 0 0 0 1 1 1 1 1 1 1 0 1 0 0 0 0 0 1 1 0 1 1 0 0 1 1 0 1 0 0 1 1 0 1 1 1 1 0 1 0 0 1 0 0 0 0 0 1 1 0 0 1 0 1 1 1 0 0 1 0 1 0 1 0 0 1 1 1 1 1 0 0 1 0 1 0 0 0 1 1 1 0 0 0 0 0 0 1 0 0 0 1 1 0 0 1 0 0 0 0 0 0 1 1 1 0 0 0 0 1 1 0 1 0 1 1 0 1 0 0 0 1 0 1
200
190800 4180 113690 106478 57846 70994 102499 198890 87189 7587 4746 14826 88968 39893 130125 51496 130747 159741 51105 53734 174468 131964 3972 95209 113504 19925 117804 39620 64568 65437 77198 7635 88326 77137 100526 160605 58367 3508 25524 85938 45894 92587 19498 707 128182 156685 35541 20881 91041 37286 131891 154401 146048 27022 8658 158506 96063 162509 129877 119613 54196 58784 145840 156789 75627 72440 150610 107905 8812 116949 81736 86306 63671 57338 81245 58316 48187 163919 131162 184458 83440 163117 180235 124741 56196 169762 24952 6415 14670 70673 66778 29527 17645 21419 50905 141599 2338 85374 115268 162874 170214 171800 182113 77566 8721 46129 171148 88943 34252 102987 112052 138774 51957 180388 27031 26734 24491 91022 51436 139517 110461 51597 62630 164399 76982 12163 60911 104096 3120 187851 151738 38279 29556 47223 58500 44156 24141 109210 136937 163386 162536 35603 61307 32347 100637 162347 4297 162909 30776 31412 7932 58218 149760 40176 35770 102714 101034 59910 29033 190177 96445 69300 144601 63152 110253 166496 108139 174812 53229 97438 129265 166240 108313 199195 137595 147137 156267 101468 127198 111876 135322 178839 20636 162610 147444 120487 100518 68562 124664 194786 140575 177827 76467 38725 91738 103520 10477 94620 8072 106392
200
0 0 0 0 0 0 0 0 0 0 0 0 0 0 0 0 0 0 0 0 0 0 0 0 0 0 0 0 0 0 0 0 0 0 0 0 0 0 0 0 0 0 0 0 0 0 0 0 0 0 0 0 0 0 0 0 0 0 0 0 0 0 0 0 0 0 0 0 0 0 0 0 0 0 0 0 0 0 0 0 0 0 0 0 0 0 0 0 0 0 0 0 0 0 0 0 0 0 0 0 70226 163268 8301 62980 88414 29038 27947 175547 74800 108639 152518 87816 4954 191883 56537 129421 621 10565 181201 94278 182903 3377 61112 119448 46707 45665 172101 114570 81102 121358 59291 28889 66623 145612 94516 92909 172714 173563 112638 190093 75135 116954 105935 41314 115837 185399 49903 12531 50034 26386 164773 176798 31166 139555 22669 84563 166374 68888 11189 154647 48549 138859 140780 164017 103705 99576 116520 154821 45777 165804 90623 17568 91891 104137 53494 133791 102963 82538 102129 91772 54246 122871 197509 131103 151672 190140 176560 37748 9705 198479 187391 65914 30592 152421 18335 76750 30528 43828 176402 157822
200
35237 59291 28696 45154 18357 38191 43255 76382 66887 50640 82290 18568 20889 48931 82333 39848 62702 25491 53033 60065 106066 92881 70320 114270 25784 29007 14529 24447 11832 18618 7569 15747 17835 31494 27579 20880 33930 7656 8613 21209 35687 17272 27178 11049 22987 26035 45974 40259 30480 49530 11176 12573 63627 107061 51816 81534 33147 68961 78105 137922 120777 91440 148590 33528 37719 74315 125045 60520 95230 38715 80545 91225 161090 141065 106800 173550 39160 44055 49766 83738 40528 63772 25926 53938 61090 107876 94466 71520 116220 26224 29502 49933 84019 40664 63986 26013 54119 61295 108238 94783 71760 116610 26312 29601 42919 72217 34952 54998 22359 46517 52685 93034 81469 61680 100230 22616 25443 62124 104532 50592 79608 32364 67332 76260 134664 117924 89280 145080 32736 36828 31563 53109 25704 40446 16443 34209 38745 68418 59913 45360 73710 16632 18711 26720 44960 21760 34240 13920 28960 32800 57920 50720 38400 62400 14080 15840 12859 21637 10472 16478 6699 13937 15785 27874 24409 18480 30030 6776 7623 211 293 87 127 381 445 298 299 257 372 189 160 77 167 281 136 214 87 181 205 362 317 240 390 88 99 197939 45885 128189 168184 117848
200
384 1278 12 669 861 624 771 1077 585 741 56448 187866 1764 98343 126567 91728 113337 158319 85995 108927 5376 17892 168 9366 12054 8736 10794 15078 8190 10374 512 1704 16 892 1148 832 1028 1436 780 988 8576 28542 268 14941 19229 13936 17219 24053 13065 16549 21376 71142 668 37241 47929 34736 42919 59953 32565 41249 4864 16188 152 8474 10906 7904 9766 13642 7410 9386 45056 149952 1408 78496 101024 73216 90464 126368 68640 86944 21376 71142 668 37241 47929 34736 42919 59953 32565 41249 7296 24282 228 12711 16359 11856 14649 20463 11115 14079 3 441 42 4 67 167 38 352 167 57 128 426 4 223 287 208 257 359 195 247 71631 98539 188035 75694 9721 199076 90371 76962 75582 160306 155552 69459 63731 190597 62643 153624 1556 104846 60596 45893 5451 125846 182141 184760 134556 137801 43122 61458 12018 187340 125640 60811 154828 129075 90416 122081 146006 193860 117115 198044 198698 142353 53370 78009 189548 59970 188010 31260 119111 11854 186746 110344 138409 164812 17668 141442 46219 67854 3380 14391 119661 47754 67009 147288 108757 185845 110245 64728 84130 896 8920 63404 176474 101096 47668 141942 146876 59373 198033 150630
200
1 1 1 1 1 1 1 1 1 1 1 1 1 1 1 1 1 1 1 1 1 1 1 1 1 1 1 1 1 1 1 1 1 1 1 1 1 1 1 1 1 1 1 1 1 1 1 1 1 1 1 1 1 1 1 1 1 1 1 1 1 1 1 1 1 1 1 1 1 1 1 1 1 1 1 1 1 1 1 1 1 1 1 1 1 1 1 1 1 1 1 1 1 1 1 1 1 1 1 1 1 1 1 1 1 1 1 1 1 1 1 1 1 1 1 1 1 1 1 1 1 1 1 1 1 1 1 1 1 1 1 1 1 1 1 1 1 1 1 1 1 1 1 1 1 1 1 1 1 1 1 1 1 1 1 1 1 1 1 1 1 1 1 1 1 1 1 1 1 1 1 1 1 1 1 1 1 1 1 1 1 1 1 1 1 1 1 1 1 1 1 1 1 1 1 1 1 1 1 1
200
157535 159764 14008 4251 4476 7771 111426 176555 116118 38422 164190 79922 186916 145790 189507 126622 173399 131230 57852 124208 99275 119974 148625 121685 71473 60146 184411 94421 36291 173646 22544 155762 197618 14968 121241 54579 177167 101626 41849 133188 94908 120792 21453 142374 59748 6895 192880 146527 17792 44266 177260 71442 77828 133386 160089 160947 116948 103145 77083 175790 123257 127722 23991 146618 168781 88830 195576 100157 84262 30628 22092 104559 357 92926 113166 141174 136469 77800 20914 130093 95611 111863 52108 12317 176850 191549 89049 103133 71937 90558 181735 143797 199753 78296 83467 49775 64147 3378 118797 88859 74501 74808 107792 198999 85502 139645 16968 22544 92800 114179 45689 189987 196694 10611 18487 133864 111176 74593 147116 24588 173049 34876 106489 27128 92609 72816 64764 76304 131420 162488 114675 138532 34344 128160 94365 81246 144152 109356 26387 128742 13236 34231 25121 67140 92920 141288 36667 86507 45085 147469 199589 44293 121347 81701 57480 36991 15340 54019 78268 14634 3912 22218 177309 151592 76576 70155 119144 168773 20792 29828 60897 111346 61379 120210 167678 171342 18451 5120 159611 50460 57404 188797 150415 96001 1822 76775 15584 82356 70141 41926 135243 58859 186788 160719 54026 174573 197407 92091 185377 160015
200
185624 154518 180630 3545 77809 162703 19715 139729 165481 178552 759 161953 10333 124546 99119 195917 135694 114264 141080 123011 179901 110593 99140 14765 123502 112806 160422 126569 166268 183586 43360 158011 58223 181093 96020 110635 177957 169975 189302 47558 157918 17401 13525 177643 17228 113710 178269 174867 95683 147705 66513 133158 60547 73738 188429 64565 119326 2625 76077 69344 93839 134442 90934 95299 118875 60728 107732 49631 178885 2918 150181 80360 145263 86429 194302 179002 131012 171329 75311 45183 65827 82422 185414 78790 69024 190669 54141 37456 13498 114017 177633 58225 41145 109036 174920 93694 169489 157787 43347 189623 49710 50143 19411 75561 153545 184635 45131 18201 3208 29990 84209 198924 119582 17795 96078 157063 69208 111097 110112 74991 36748 110047 89862 199692 193513 194843 45424 113007 161288 105643 189213 19844 195300 60101 28899 111272 59477 35402 85889 87168 172456 49322 84770 111488 149583 112554 65050 181830 60944 103074 164319 119519 116886 34328 184590 182848 117865 111413 31451 131594 173414 32166 156575 29160 111184 126993 151888 31669 37344 151689 10713 10681 73286 150147 95566 118675 95456 175953 100444 117872 47508 179236 56326 119009 5141 186962 20741 128412 189704 86001 64836 172693 140563 84166 107588 19130 55113 106259 93898 94657
3
65537 65537 131073
200
200000 200000 200000 200000 200000 200000 200000 200000 200000 200000 200000 200000 200000 200000 200000 200000 200000 200000 200000 200000 200000 200000 200000 200000 200000 200000 200000 200000 200000 200000 200000 200000 200000 200000 200000 200000 200000 200000 200000 200000 200000 200000 200000 200000 200000 200000 200000 200000 200000 200000 200000 200000 200000 200000 200000 200000 200000 200000 200000 200000 200000 200000 200000 200000 200000 200000 200000 200000 200000 200000 200000 200000 200000 200000 200000 200000 200000 200000 200000 200000 200000 200000 200000 200000 200000 200000 200000 200000 200000 200000 200000 200000 200000 200000 200000 200000 200000 200000 200000 200000 200000 200000 200000 200000 200000 200000 200000 200000 200000 200000 200000 200000 200000 200000 200000 200000 200000 200000 200000 200000 200000 200000 200000 200000 200000 200000 200000 200000 200000 200000 200000 200000 200000 200000 200000 200000 200000 200000 200000 200000 200000 200000 200000 200000 200000 200000 200000 200000 200000 200000 200000 200000 200000 200000 200000 200000 200000 200000 200000 200000 200000 200000 200000 200000 200000 200000 200000 200000 200000 200000 200000 200000 200000 200000 200000 200000 200000 200000 200000 200000 200000 200000 200000 200000 200000 200000 200000 200000 200000 200000 200000 200000 200000 200000 200000 200000 200000 200000 200000 200000
200
56832 27008 28160 24576 35456 54016 28544 48128 15744 55168 44032 46080 40832 34632 16458 17160 14976 21606 32916 17394 29328 9594 33618 26832 28080 24882 96792 45998 47960 41856 60386 91996 48614 81968 26814 93958 74992 78480 69542 151404 71951 75020 65472 94457 143902 76043 128216 41943 146971 117304 122760 108779 67932 32283 33660 29376 42381 64566 34119 57528 18819 65943 52632 55080 48807 189588 90097 93940 81984 118279 180194 95221 160552 52521 184037 146888 153720 136213 85248 40512 42240 36864 53184 81024 42816 72192 23616 82752 66048 69120 61248 9324 4431 4620 4032 5817 8862 4683 7896 2583 9051 7224 7560 6699 174936 83134 86680 75648 109138 166268 87862 148144 48462 169814 135536 141840 125686 186036 88409 92180 80448 116063 176818 93437 157544 51537 180589 144136 150840 133661 113664 54016 56320 49152 70912 108032 57088 96256 31488 110336 88064 92160 81664 87024 41356 43120 37632 54292 82712 43708 73696 24108 84476 67424 70560 62524 38628 18357 19140 16704 24099 36714 19401 32712 10701 37497 29928 31320 27753 128 78 218 341 153 427 192 21 394 419 256 196 87 444 211 220 192 277 422 223 376 123 431 344 360 319 169392 144935 14120 122785 141410
