30
6
5 2 4 6 3 1
6
2 4 8 16 32 64
3
1 1 1
3
200000 200000 200000
200
23129 33734 44541 30300 26361 2323 37875 7777 10504 18988 9292 8473 12358 16317 11100 9657 851 13875 2849 3848 6956 3404 10534 15364 20286 13800 12006 1058 17250 3542 4784 8648 4232 16030 23380 30870 21000 18270 1610 26250 5390 7280 13160 6440 30457 44422 58653 39900 34713 3059 49875 10241 13832 25004 12236 95493 139278 183897 125100 108837 9591 156375 32109 43368 78396 38364 22900 33400 44100 30000 26100 2300 37500 7700 10400 18800 9200 33892 49432 65268 44400 38628 3404 55500 11396 15392 27824 13616 14198 20708 27342 18600 16182 1426 23250 4774 6448 11656 5704 100073 145958 192717 131100 114057 10051 163875 33649 45448 82156 40204 56105 81830 108045 73500 63945 5635 91875 18865 25480 46060 22540 101 37 46 70 133 417 100 148 62 437 245 229 334 441 300 261 23 375 77 104 188 92 89832 124448 156324 119444 45402 148121 168670 38788 176049 54436 35633 116799 98965 44102 71842 36237 48259 74691 168412 103045 132847 122228 11962 146976 102622 40618 64815 130760 184188 173043 53859 63820 138316 28907 130565 65507 88920 111132 130994 82555 69037 140071 85238 141618 43708 46135 72919 46955 82082 50808 9714 39676 147129 199259 73192 97390 106973
200
137610 102752 148233 161149 87419 84773 43278 191792 41819 186003 8407 66336 63639 53634 196357 170429 29844 2502 17690 49138 170230 23668 10466 8872 117514 101694 96745 98103 134289 80553 76401 146425 81676 7894 91012 197939 177964 174828 191152 196752 109828 65175 130039 176840 60367 27293 189118 9929 16460 164880 89070 37633 139268 86381 68906 14829 95579 198803 502 50852 14221 117039 24934 26796 47091 108108 174256 75908 120007 87258 166324 172330 126441 85134 99702 89625 28284 22407 49005 167137 104201 187647 164171 37869 158529 155170 146285 126773 139874 19585 189736 72799 7244 1151 55704 187769 24529 36613 98269 139248 136498 174561 187845 184384 99861 192630 74300 167927 88468 20707 157987 58035 96238 166001 107997 82338 57523 122678 182346 15670 182987 159660 105649 179423 12536 136900 191531 187840 83336 175931 137853 27091 86610 74190 70131 106216 82006 160579 2140 151154 176818 157518 191655 173232 84591 25177 68958 194617 156858 63027 138840 160525 36415 102900 93025 36475 24200 113955 84266 53920 158490 69919 19828 25535 146092 156880 95435 85091 47491 22178 81126 139725 89487 175970 50895 185677 121229 125076 109079 80874 163100 126299 34228 38089 118017 158590 135815 175794 184995 124983 111311 181180 71490 136400 114426 97969 136762 188263 148199 103045
200
0 0 0 0 0 0 0 0 0 0 0 0 0 0 0 0 0 0 0 0 0 0 0 0 0 0 0 0 0 0 0 0 0 0 0 0 0 0 0 0 0 0 0 0 0 0 0 0 0 0 0 0 0 0 0 0 0 0 0 0 0 0 0 0 0 0 0 0 0 0 0 0 0 0 0 0 0 0 0 0 0 0 0 0 0 0 0 0 0 0 0 0 0 0 0 0 0 0 0 0 99262 98363 161885 94776 132855 178882 189081 11292 155662 93000 109639 69741 80534 63714 108000 52699 71630 73835 3920 115599 54737 28749 178707 136166 37632 184362 175972 112053 185686 9616 176229 87994 131701 88502 93047 1323 104820 144581 50437 185539 132326 75298 55224 56727 113892 7400 74858 1318 181785 19888 96911 79634 172951 80460 120755 189358 125184 139242 39517 101322 18144 4653 32118 106166 10992 59271 123723 126555 151078 187209 171995 35450 6231 163991 71501 155507 15751 108080 100159 114743 95757 185286 163047 11376 15220 18507 105021 52605 170334 72926 89635 35422 17361 24679 85067 46500 39849 176040 46178 195551
200
10252 13747 77822 87608 68735 103685 87841 73395 5060 6785 38410 43240 33925 51175 43355 36225 13552 18172 102872 115808 90860 137060 116116 97020 15048 20178 114228 128592 100890 152190 128934 107730 6248 8378 47428 53392 41890 63190 53534 44730 12672 16992 96192 108288 84960 128160 108576 90720 3388 4543 25718 28952 22715 34265 29029 24255 14080 18880 106880 120320 94400 142400 120640 100800 233 115 308 342 142 288 77 320 44 59 334 376 295 445 377 315 173136 101558 122341 156120 13413 2420 23465 122098 117187 6010 138749 80098 88810 43439 180323 135556 18783 99155 107866 101585 7434 122617 115111 93110 39589 26512 183626 126475 172387 119754 116252 104968 189964 192336 70794 63912 112485 2693 22815 159000 181333 93057 57018 192383 63008 70980 26290 101924 48121 10967 41327 115786 72407 40419 137595 102630 177168 188531 29784 41842 52887 26027 6558 53712 173514 144731 163242 65149 73310 3620 43589 94134 153843 127505 16259 116200 61666 142353 158636 91735 42784 63612 183691 69243 173551 114873 194873 62293 95676 86257 114430 20656 195318 124312 180617 113489 137283 122154 29650 581 102306 130879 102355 64038 191802 19574 37861 47420 57322 17141 103242 69168 80433 173397 181127 5588 128877 137251 161016 188688
200
148792 195614 11036 26361 100451 28216 124492 123135 59066 139108 165481 29009 42397 110161 138549 163432 100330 47761 101803 170595 56014 183075 22681 80708 182250 194836 87322 25961 172079 87512 20611 2941 17475 156021 162884 162212 33926 67426 177036 24640 11954 69152 158785 113700 110741 58871 23364 149829 94229 8084 92767 190522 186769 149432 97421 77177 6144 70749 91162 92085 56478 24455 35828 63418 1690 29497 78247 94234 14270 143343 97905 47978 120134 198562 133780 83057 11012 154572 48794 109125 128820 279 9230 69203 95380 180092 84523 11022 173470 193716 8469 149295 180275 96529 31979 81449 114452 23601 39495 82570 148895 64724 196161 141098 175672 111152 188122 109015 28046 73728 73578 144869 182506 168745 123320 56716 86016 143622 107430 189167 161279 148865 71765 188839 185344 74956 112874 75190 106871 46344 124892 29192 195487 174185 195173 3335 65400 68170 96198 26576 117043 54665 10089 164325 101573 133209 51920 15325 39014 29939 24080 161364 43689 73133 87352 101724 198354 122502 193410 26389 89079 146025 93074 188828 173062 82819 69119 124558 32366 45490 6719 88638 128992 116089 101483 54277 106723 164895 142872 22148 28466 197589 178208 178147 176332 4221 69543 97419 26766 118631 157915 1747 198111 122271 168704 70663 106110 140026 37993 84274
200
65537 131073 65537 65537 65537 65537 65537 65537 131073 131073 65537 131073 65537 131073 65537 131073 65537 131073 131073 65537 65537 65537 131073 131073 65537 131073 65537 65537 131073 131073 131073 65537 131073 131073 131073 131073 65537 131073 131073 131073 65537 65537 65537 131073 131073 65537 131073 131073 65537 131073 65537 131073 131073 131073 65537 131073 131073 131073 131073 131073 131073 65537 131073 65537 131073 65537 131073 65537 65537 65537 131073 65537 131073 65537 131073 131073 131073 65537 65537 131073 65537 131073 131073 65537 65537 131073 65537 131073 131073 131073 65537 65537 131073 65537 65537 65537 131073 131073 65537 65537 65537 131073 131073 65537 65537 131073 65537 131073 131073 65537 65537 131073 131073 65537 131073 65537 131073 65537 65537 131073 131073 65537 131073 131073 131073 65537 131073 131073 65537 131073 131073 131073 131073 65537 65537 65537 65537 65537 131073 131073 131073 65537 65537 131073 131073 65537 131073 131073 65537 131073 131073 65537 131073 65537 131073 131073 131073 65537 65537 131073 65537 131073 131073 131073 65537 65537 65537 65537 65537 131073 131073 65537 65537 131073 65537 131073 65537 131073 131073 65537 65537 131073 131073 65537 131073 65537 65537 131073 65537 131073 65537 131073 65537 65537 65537 131073 65537 131073 65537 65537
200
1 1 1 1 1 1 1 1 1 1 1 1 1 1 1 1 1 1 1 1 1 1 1 1 1 1 1 1 1 1 1 1 1 1 1 1 1 1 1 1 1 1 1 1 1 1 1 1 1 1 1 1 1 1 1 1 1 1 1 1 1 1 1 1 1 1 1 1 1 1 1 1 1 1 1 1 1 1 1 1 1 1 1 1 1 1 1 1 1 1 1 1 1 1 1 1 1 1 1 1 1 1 1 1 1 1 1 1 1 1 1 1 1 1 1 1 1 1 1 1 1 1 1 1 1 1 1 1 1 1 1 1 1 1 1 1 1 1 1 1 1 1 1 1 1 1 1 1 1 1 1 1 1 1 1 1 1 1 1 1 1 1 1 1 1 1 1 1 1 1 1 1 1 1 1 1 1 1 1 1 1 1 1 1 1 1 1 1 1 1 1 1 1 1 1 1 1 1 1 1
200
135222 21667 107906 75443 93515 134152 195475 62504 74180 175712 33079 33086 86123 71428 423 174044 195608 156318 153195 119234 127644 185487 182729 186052 189380 199675 56298 50482 81952 116527 24771 187632 30732 35919 164503 130710 164009 98954 119827 59980 111468 159546 149276 107983 128825 37803 87455 129802 12082 66932 120957 112639 176476 170694 10274 106344 44513 90738 174514 138012 198386 94369 194302 52793 120789 2538 1147 47307 100981 59918 180978 87744 126297 79411 144905 18281 179277 49721 156622 161169 184329 41063 130432 37258 107893 149669 135882 31832 172608 112862 121955 39720 129181 11094 104135 39692 147899 41490 146698 119834 13543 181650 116527 174290 130308 151939 34192 88219 42678 25 137346 164790 26885 95094 36421 37976 138141 119867 87478 128572 132842 94788 75138 15796 86747 106776 185401 93046 189400 27608 23493 20200 198841 85271 187563 124664 91864 63010 109575 47253 24733 96820 175651 10451 126422 40078 48758 31055 166201 165808 103907 124517 6975 153714 144292 181070 150643 136945 99841 167755 138649 16318 71512 55561 69134 164962 141496 195339 63435 98769 101651 101155 115727 194077 80814 163000 14974 17358 190920 172453 197868 177143 188467 163332 152327 101374 69438 120816 102767 59201 150814 139150 139838 4641 151072 134278 175626 9135 161994 133843
200
147375 50250 15000 10500 8625 102000 105750 154125 123750 75000 129750 21615 7370 2200 1540 1265 14960 15510 22605 18150 11000 19030 163095 55610 16600 11620 9545 112880 117030 170565 136950 83000 143590 107289 36582 10920 7644 6279 74256 76986 112203 90090 54600 94458 7467 2546 760 532 437 5168 5358 7809 6270 3800 6574 55806 19028 5680 3976 3266 38624 40044 58362 46860 28400 49132 92355 31490 9400 6580 5405 63920 66270 96585 77550 47000 81310 132048 45024 13440 9408 7728 91392 94752 138096 110880 67200 116256 29868 10184 3040 2128 1748 20672 21432 31236 25080 15200 26296 128904 43952 13120 9184 7544 89216 92496 134808 108240 65600 113488 107289 36582 10920 7644 6279 74256 76986 112203 90090 54600 94458 375 55 415 273 19 142 235 336 76 328 273 393 134 40 28 23 272 282 411 330 200 346 88547 127962 131992 78558 54710 120247 39146 106614 181909 192208 84175 60521 129725 54279 25590 79434 132195 194674 72180 160716 179157 13141 117703 41680 1791 26496 34946 122203 53558 134178 188177 141701 147506 98524 119815 138483 65594 164145 164294 191194 187844 89722 171379 28999 72654 138222 9800 129409 138570 17 93625 135284 171294 128044 163695 32615 137451
200
31776 96983 97314 7282 84736 64876 76130 17874 40713 9504 29007 29106 2178 25344 19404 22770 5346 12177 1632 4981 4998 374 4352 3332 3910 918 2091 36288 110754 111132 8316 96768 74088 86940 20412 46494 37824 115442 115836 8668 100864 77224 90620 21276 48462 2784 8497 8526 638 7424 5684 6670 1566 3567 14880 45415 45570 3410 39680 30380 35650 8370 19065 40128 122474 122892 9196 107008 81928 96140 22572 51414 13152 40141 40278 3014 35072 26852 31510 7398 16851 331 99 17 378 394 29 155 418 137 96 293 294 22 256 196 230 54 123 165915 142300 52063 123149 129952 148030 84362 123577 107270 6729 88088 49877 20627 80471 8332 87307 21756 59506 155150 6568 79502 42465 33467 118801 179524 171491 93050 11476 121183 171095 171805 6909 55324 191857 74431 13093 183412 63304 95672 166729 199255 65022 24766 142085 89760 123342 102992 105100 64745 67068 157986 168322 42192 171094 59362 168949 120520 183421 28007 140858 85245 194037 83922 72211 163148 58755 96951 1807 17988 93493 101724 54913 120509 150333 69604 168886 78611 132494 162844 34983 22559 198454 23644 104566 7385 57691 134870 155690 43949 70710 32956 110874 40684 140815 94464 29908 80383 168552 24606 91183 58632
200
0 0 0 0 0 0 0 0 0 0 0 0 0 0 0 0 0 0 0 0 0 0 0 0 0 0 0 0 0 0 0 0 0 0 0 0 0 0 0 0 0 0 0 0 0 0 0 0 0 0 0 0 0 0 0 0 0 0 0 0 0 0 0 0 0 0 0 0 0 0 0 0 0 0 0 0 0 0 0 0 0 0 0 0 0 0 0 0 0 0 0 0 0 0 0 0 0 0 0 0 0 0 0 0 0 0 0 0 0 0 0 0 0 0 0 0 0 0 0 0 0 0 0 0 0 0 0 0 0 0 0 0 0 0 0 0 0 0 0 0 0 0 0 0 0 0 0 0 0 0 0 0 0 0 0 0 0 0 0 0 0 0 0 0 0 0 0 0 0 0 0 0 0 0 0 0 0 0 0 0 0 0 0 0 0 0 0 0 0 0 0 0 0 0 0 0 0 0 0 0
200
174307 61581 39832 162809 2571 94844 173828 71579 184541 183051 79812 121617 101683 37531 199358 138952 153646 194797 173776 58102 36130 87222 57367 183035 25735 54205 20941 102389 83168 67299 174826 3117 107964 31582 176712 146533 76480 108196 143839 151123 187553 81284 54268 102922 108259 32726 173443 65622 88122 49869 144462 188129 65849 160544 43358 144252 106000 190340 175569 37892 182736 103511 86511 138934 30130 112786 176214 171725 41936 195495 166845 190080 89550 61703 86767 1935 786 122603 3554 196650 65234 82459 146456 169738 47512 48783 150610 171651 192242 179334 146952 162984 114775 135312 5128 10580 98814 140039 188223 131236 21291 70737 57070 60055 182689 51129 159149 29147 178485 12506 109734 68778 191122 68302 7925 92128 75284 186992 102802 17567 40945 189717 19758 69849 146784 105423 78703 58206 42716 185785 34782 155534 13679 86941 112343 129265 194917 56555 141330 158285 70906 174025 127997 146232 163320 161139 127514 12553 15940 7852 128779 190150 156300 409 31637 48053 52960 73370 62084 17147 62496 19095 27261 154496 8122 178609 65906 59066 48608 188819 81772 148242 184680 56272 189831 161457 6283 55135 160087 28374 191745 154147 68990 130217 44575 10206 17645 154806 80550 164774 47423 125878 4738 34022 45299 190214 186043 154109 58090 90547
200
200000 200000 200000 200000 200000 200000 200000 200000 200000 200000 200000 200000 200000 200000 200000 200000 200000 200000 200000 200000 200000 200000 200000 200000 200000 200000 200000 200000 200000 200000 200000 200000 200000 200000 200000 200000 200000 200000 200000 200000 200000 200000 200000 200000 200000 200000 200000 200000 200000 200000 200000 200000 200000 200000 200000 200000 200000 200000 200000 200000 200000 200000 200000 200000 200000 200000 200000 200000 200000 200000 200000 200000 200000 200000 200000 200000 200000 200000 200000 200000 200000 200000 200000 200000 200000 200000 200000 200000 200000 200000 200000 200000 200000 200000 200000 200000 200000 200000 200000 200000 200000 200000 200000 200000 200000 200000 200000 200000 200000 200000 200000 200000 200000 200000 200000 200000 200000 200000 200000 200000 200000 200000 200000 200000 200000 200000 200000 200000 200000 200000 200000 200000 200000 200000 200000 200000 200000 200000 200000 200000 200000 200000 200000 200000 200000 200000 200000 200000 200000 200000 200000 200000 200000 200000 200000 200000 200000 200000 200000 200000 200000 200000 200000 200000 200000 200000 200000 200000 200000 200000 200000 200000 200000 200000 200000 200000 200000 200000 200000 200000 200000 200000 200000 200000 200000 200000 200000 200000 200000 200000 200000 200000 200000 200000 200000 200000 200000 200000 200000 200000
200
100452 114183 26712 178897 190463 135705 39514 50687 119792 115148 111618 87074 159033 186306 171207 185462 119152 161124 22861 97572 163513 29359 46379 56105 60639 164363 56738 133445 153258 112075 197826 158135 184411 10956 6200 687 146102 143608 69546 24605 77809 144671 60198 100205 184843 165483 51236 3999 132869 151230 77431 83273 111623 140145 195917 11313 169257 33749 25643 152000 48708 45352 36456 144844 142310 110331 72011 108424 65951 17991 5346 164888 108546 194088 53156 72298 36833 47647 668 97311 57889 65364 154409 154329 34204 60254 18845 43231 10118 33535 185946 74975 73758 127664 133047 170003 199140 47128 8198 29222 93587 54439 90203 45912 186382 28586 128040 159862 29945 138308 37310 65232 199519 103344 113025 191054 194790 16099 137697 186919 159641 111211 193534 58818 172110 172781 77099 74335 170741 191699 198198 1851 9880 23116 60696 68905 14631 129398 135558 162126 42916 123323 136182 68495 141358 127607 57417 1063 97877 196159 109881 155239 112855 84048 21821 132736 193188 153799 55673 123186 60245 158775 54840 493 50513 72029 9250 186717 110249 88171 192423 178611 64228 173371 114018 118649 51996 44446 65225 80521 142638 59291 76993 174593 80782 5674 27617 35839 168134 31535 135263 142860 144417 138860 8574 159187 142380 188300 165008 150282
200
70950 16335 23430 40755 12210 36300 7095 53295 45705 44385 17160 16995 41415 170280 39204 56232 97812 29304 87120 17028 127908 109692 106524 41184 40788 99396 28810 6633 9514 16549 4958 14740 2881 21641 18559 18023 6968 6901 16817 82130 18909 27122 47177 14134 42020 8213 61693 52907 51379 19864 19673 47941 163830 37719 54102 94107 28194 83820 16383 123063 105537 102489 39624 39243 95631 148350 34155 48990 85215 25530 75900 14835 111435 95565 92805 35880 35535 86595 18490 4257 6106 10621 3182 9460 1849 13889 11911 11567 4472 4429 10793 132440 30492 43736 76076 22792 67760 13244 99484 85316 82852 32032 31724 77308 129860 29898 42884 74594 22348 66440 12986 97546 83654 81238 31408 31106 75802 180600 41580 59640 103740 31080 92400 18060 135660 116340 112980 43680 43260 105420 43860 10098 14484 25194 7548 22440 4386 32946 28254 27438 10608 10506 25602 175870 40491 58078 101023 30266 89980 17587 132107 113293 110021 42536 42127 102659 48160 11088 15904 27664 8288 24640 4816 36176 31024 30128 11648 11536 28112 165 396 67 191 381 345 43 308 302 420 102 409 112 430 99 142 247 74 220 43 323 277 269 104 103 251 52586 198219 122158 168132 199515
3
65537 65537 131073
200
1 1 0 1 0 0 1 0 0 0 0 0 0 0 1 1 1 0 0 1 0 0 1 1 1 0 1 0 0 0 1 1 1 0 0 1 0 1 0 0 0 1 1 1 1 0 0 1 0 1 0 1 0 1 1 1 0 1 1 0 1 0 1 0 0 0 0 0 1 0 0 0 1 1 0 1 1 1 1 1 0 0 0 0 1 1 1 0 1 0 1 0 1 0 0 0 1 1 1 1 1 1 1 0 1 1 1 1 1 0 1 0 0 0 0 0 0 1 0 0 1 1 1 0 1 1 1 1 0 0 0 0 1 0 1 0 1 1 0 0 1 0 0 1 1 0 0 1 0 0 1 0 1 1 1 0 0 1 1 1 0 0 1 0 0 0 1 1 1 0 1 1 1 1 1 0 0 1 0 0 1 1 0 1 0 0 1 1 0 1 0 0 0 1 1 0 0 0 1 0
200
8932 196406 61965 109812 7533 163565 147123 33466 145030 152560 11694 191089 84866 17801 39980 89533 193413 192206 199931 128980 191073 53807 74098 86596 120061 26200 106302 133370 72944 64661 554 144708 33441 51555 51514 114210 178713 127257 171400 154606 158344 140591 51136 55126 70423 147135 27162 1847 106878 168014 45452 107966 24866 81148 42331 101607 55140 102026 40225 140126 98377 164926 9720 177291 100458 61459 167665 77788 111148 15855 158536 108023 11758 33173 172312 44959 144443 16082 91792 195585 21476 47705 104644 132352 168317 182473 171408 155623 166524 64886 131242 169857 96505 106706 146729 72880 96695 93858 50814 132137 51870 2483 37292 185948 45418 137275 186205 145389 76948 44739 39819 59841 110696 54367 38628 87685 133324 1172 65772 89340 194388 12855 96031 179734 28385 71203 145248 57523 99490 26996 89155 13509 118688 2727 118344 177046 163811 113803 153313 99855 42695 157531 143200 95743 1224 186608 144092 10759 56754 105734 175436 39184 128896 63914 198632 79947 27586 28749 81915 141864 68391 175317 65788 135652 156703 108394 10690 52260 183443 179944 38254 126796 197163 157995 44269 156609 17491 123865 21385 16516 62990 147232 2158 31456 178278 125183 32210 45045 6630 189069 76277 170190 31848 159930 137024 40465 43971 185418 133333 12873
200
0 0 0 0 0 0 0 0 0 0 0 0 0 0 0 0 0 0 0 0 0 0 0 0 0 0 0 0 0 0 0 0 0 0 0 0 0 0 0 0 0 0 0 0 0 0 0 0 0 0 0 0 0 0 0 0 0 0 0 0 0 0 0 0 0 0 0 0 0 0 0 0 0 0 0 0 0 0 0 0 0 0 0 0 0 0 0 0 0 0 0 0 0 0 0 0 0 0 0 0 64703 174890 179632 126156 9164 120538 16268 80152 24384 38720 157351 103507 137902 76819 104205 130184 16530 142862 154031 22185 174243 189637 19153 37236 68091 145468 39773 196438 70816 82529 139274 193728 159940 64027 35724 94887 153263 52397 173847 74365 137608 147619 60770 140746 83336 180985 96382 20906 86846 196099 182751 57179 116153 173945 7812 98064 77781 62892 12791 52569 100659 35417 162147 31052 20845 23248 4491 108003 19196 14010 147210 69781 76506 28489 146099 148420 136097 76190 89466 103899 109777 191217 13918 195978 126847 59449 110840 45466 197402 141200 122369 123106 133120 80693 63104 62044 119144 87064 92100 144306
200
18649 86092 185385 124432 14234 49884 118587 45163 81748 89305 196583 150142 22727 159154 197147 175565 60166 19067 15772 13671 52632 106596 29896 143069 140913 109071 56007 56996 149971 36962 198196 134873 184759 27527 106464 102208 169603 97170 79567 121047 26654 135212 129668 165246 40483 176197 79365 125151 174623 78694 9666 49744 170879 192254 153903 45076 193532 157683 18591 90747 158161 129824 126805 183082 162119 6125 26537 44892 102046 180432 47395 20597 106238 40971 152317 19501 14382 164133 111576 90081 38635 136646 93636 100574 126004 78298 35719 154888 193318 110205 160516 22871 127173 185609 120906 106894 93520 67385 28915 11084 77014 126555 163519 58466 13540 97589 49498 67099 195844 65724 17595 85015 165100 23339 92159 50744 115294 130624 154515 165042 88483 118256 189866 73266 11645 198864 100340 131112 83710 107889 21798 57856 182063 26035 67489 105658 57960 139566 55376 86245 49773 97384 177178 151152 30991 7634 184678 102922 26249 78484 178522 42000 149714 159203 53870 147128 89555 162655 139825 192910 115897 17568 180091 165858 160915 113888 82885 23452 115919 171649 90968 102993 58808 98484 160609 55004 100315 11868 26968 135144 199758 112798 125393 48428 5314 7242 131740 177304 126358 142703 92966 195855 118461 82918 199258 180134 139426 189785 90475 48761
200
131417 87749 164721 46241 75394 131816 189713 150349 190292 59146 152335 79753 77743 25085 91213 32865 96266 95091 156158 2079 68433 50922 83044 114465 31991 181837 99543 26502 38752 16977 99352 129694 159177 82322 128953 65128 104867 166655 198247 20414 153193 90360 102768 5356 126736 65589 47768 148172 169935 21824 90343 35274 3216 53345 180232 175305 136192 93482 53765 163791 78197 174306 39841 101695 109721 162 105751 183571 129907 155573 148414 21505 94417 163002 101567 25714 114505 180052 62685 163653 15257 177134 17395 22190 13749 64793 168769 199834 196929 51869 173550 55535 86976 115665 48343 92801 28093 108976 72182 49973 176026 92309 48485 132013 98823 139653 17802 110670 54480 79542 51614 145098 21915 115463 116141 140345 858 180072 168732 111503 104905 173129 93439 127290 121327 149162 111253 115026 115849 99193 165982 61593 18807 148080 124016 96022 70179 123976 39958 190298 92488 153873 93760 22690 42041 36847 149296 197147 125691 155047 158651 171567 111115 110796 194708 42643 60193 84042 156617 8599 105865 85530 179567 197142 63454 97940 7496 116760 144917 184175 140906 189574 138832 82184 29423 160788 39379 169324 71130 31894 63942 149560 157738 112463 24574 99165 53498 60746 185654 27166 36868 22358 135471 4786 164347 151974 50327 60823 48909 159901
200
49600 180841 6501 45705 145377 187542 58731 33965 112621 86507 94521 114098 12246 30617 51833 82382 157990 157364 97949 166119 102477 157296 81568 5927 115781 145380 33008 97454 126224 124668 100339 43955 106717 62142 122942 22072 132244 101576 84889 49837 117610 111256 157936 186970 11190 124643 16364 47349 154680 51472 140118 31809 80113 102456 115663 154992 124247 173699 79504 128134 150153 143800 176091 160048 182032 185487 60673 96101 19496 136558 46616 18629 145833 127670 162115 96121 3082 183667 124284 10341 196553 131598 183040 164121 7046 138605 43457 4480 152749 57890 104060 157230 13295 113736 118028 137983 182962 11227 149793 135650 167521 67124 76974 116148 52679 188067 160521 157496 73981 176437 129679 15744 130892 97053 154020 190209 146641 25637 166747 6489 140144 65769 68808 180644 73782 73428 153473 27744 32375 141566 91475 42415 186136 47433 5374 162629 179903 115193 181973 49250 10224 87105 159495 96699 84480 65443 108959 69773 62290 71064 146282 7263 5830 146006 155696 131475 168682 57190 58471 143192 41124 110966 57200 89826 60692 168340 117506 76104 169752 66816 84945 131342 20531 171477 15016 133577 98983 183460 150958 177447 8934 58614 40367 49561 30960 31319 30348 183598 110525 37810 175467 101692 21733 121611 21017 7536 73821 38129 132277 915
200
142155 105705 179010 70065 128385 162000 95175 101655 33210 51030 113400 93150 59535 98631 73341 124202 48613 89077 112400 66035 70531 23042 35406 78680 64630 41307 98982 73602 124644 48786 89394 112800 66270 70782 23124 35532 78960 64860 41454 148824 110664 187408 73352 134408 169600 99640 106424 34768 53424 118720 97520 62328 6318 4698 7956 3114 5706 7200 4230 4518 1476 2268 5040 4140 2646 100386 74646 126412 49478 90662 114400 67210 71786 23452 36036 80080 65780 42042 156897 116667 197574 77331 141699 178800 105045 112197 36654 56322 125160 102810 65709 44577 33147 56134 21971 40259 50800 29845 31877 10414 16002 35560 29210 18669 96876 72036 121992 47748 87492 110400 64860 69276 22632 34776 77280 63480 40572 125307 93177 157794 61761 113169 142800 83895 89607 29274 44982 99960 82110 52479 54756 40716 68952 26988 49452 62400 36660 39156 12792 19656 43680 35880 22932 38259 28449 48178 18857 34553 43600 25615 27359 8938 13734 30520 25070 16023 92664 68904 116688 45672 83688 105600 62040 66264 21648 33264 73920 60720 38808 405 281 282 424 18 286 447 127 276 357 156 109 264 351 261 442 173 317 400 235 251 82 126 280 230 147 3486 37688 157936 7773 151881
200
1 0 0 1 0 0 1 0 1 1 0 1 0 0 1 1 0 0 0 1 0 1 0 0 0 1 1 0 1 0 1 1 1 0 1 0 0 1 0 0 0 1 0 1 0 0 1 0 0 1 1 1 0 0 0 0 0 1 0 1 1 1 0 1 1 1 0 0 0 0 0 0 0 0 1 1 0 0 1 1 0 1 0 0 0 0 0 0 1 1 0 1 1 0 0 1 1 0 1 0 0 1 0 1 1 1 0 1 0 0 1 0 1 1 0 0 0 0 0 1 0 1 0 1 1 0 1 0 1 0 0 0 0 1 0 1 0 0 0 1 1 0 1 1 1 1 1 1 0 0 0 0 0 0 0 1 1 1 1 1 0 0 1 0 1 0 1 0 1 0 1 1 1 0 1 1 0 0 0 0 0 0 0 0 0 0 1 1 0 1 0 1 0 1 1 1 1 1 0 1
200
131625 77571 120744 150930 142857 124605 123903 154440 137241 116250 68510 106640 133300 126170 110050 109430 136400 121210 6375 3757 5848 7310 6919 6035 6001 7480 6647 140250 82654 128656 160820 152218 132770 132022 164560 146234 72000 42432 66048 82560 78144 68160 67776 84480 75072 27375 16133 25112 31390 29711 25915 25769 32120 28543 129750 76466 119024 148780 140822 122830 122138 152240 135286 26250 15470 24080 30100 28490 24850 24710 30800 27370 162000 95472 148608 185760 175824 153360 152496 190080 168912 351 310 17 374 192 73 346 70 432 375 221 344 430 407 355 353 440 391 32025 120759 57115 68895 73468 10023 53565 43996 195002 14788 77377 179651 52387 186640 179079 84149 71827 6568 146387 13750 125265 85809 95413 92004 11167 11677 144595 12667 21285 9229 1977 115934 15316 30889 27709 160918 180389 130516 100749 66974 173724 98337 65400 124327 88016 142056 169864 98630 88463 138096 171543 182036 113743 58485 74564 199290 175319 156481 2218 34603 29465 9738 49779 55950 154451 152333 137541 8946 102005 32374 96837 122306 27700 139557 26136 132566 133308 53901 148007 185197 75132 141370 36825 97570 117563 188247 177929 195729 165458 186984 71037 139974 77153 48472 123581 70054 51678 22461 144504 176824 189168
200
143717 86779 52479 73745 16121 123823 107016 111132 151606 139946 84502 51102 71810 15698 120574 104208 108216 147628 10894 6578 3978 5590 1222 9386 8112 8424 11492 177237 107019 64719 90945 19881 152703 131976 137052 186966 52794 31878 19278 27090 5922 45486 39312 40824 55692 126538 76406 46206 64930 14194 109022 94224 97848 133484 0 0 0 0 0 0 0 0 0 46090 27830 16830 23650 5170 39710 34320 35640 48620 38129 23023 13923 19565 4277 32851 28392 29484 40222 343 334 26 423 126 302 0 110 91 419 253 153 215 47 361 312 324 442 38787 22366 43040 141917 156047 151213 39942 52848 140107 188900 70765 54834 180332 78273 18176 48260 108801 194200 157963 199342 28264 143754 26512 114445 170656 92272 15218 176971 7401 17532 14561 42588 96335 17639 137122 70463 194364 27418 60663 58497 137794 139803 48154 26010 167830 49138 22772 130368 11786 198500 531 150039 172194 19807 80765 164584 132526 117279 101127 107206 25318 127311 161929 89907 138528 152180 69613 160039 174281 14815 28595 147033 193980 109117 94642 130632 188411 173789 122641 60204 159665 33475 185386 28509 73941 127811 123644 116757 18765 87724 6030 76820 139129 164273 165741 118381 174878 82762 107851 140027 50743
