30
6
5 2 4 6 3 1
6
2 4 8 16 32 64
3
1 1 1
3
200000 200000 200000
200
55593 25508 99951 87448 61223 97646 75469 30292 803 583 141464 157263 146542 90136 181434 74341 133115 2343 131682 14151 161945 187394 136150 195243 44598 121871 54149 12547 55041 141667 133132 1324 69727 67011 67337 102241 75768 102748 4305 56318 183170 80002 90905 173021 77411 62435 191500 187460 18627 185191 30155 106599 70195 57416 12890 73337 177607 196249 114870 192227 120646 94901 40212 118740 50541 100702 178761 100549 38879 37694 125392 181210 138185 80246 29942 78173 79114 22190 12698 158280 40221 35288 37942 198895 172056 163804 108261 170738 159518 58678 65273 90046 199813 1345 118818 99786 178293 122110 43824 17462 29200 114231 32066 86395 50572 147712 3166 123413 66283 88629 132373 178039 56641 35707 45361 175946 101103 28336 175107 77390 160586 199732 69448 30248 54565 99896 21031 145609 101861 158437 66292 199587 81644 109755 123360 30528 25719 175024 129080 192196 190631 13772 86097 165057 126341 184994 117627 121346 17003 134350 144268 114138 49869 142574 194826 91480 73137 156858 120853 155628 100659 10139 102605 27490 155536 1085 87357 193752 68662 101387 87690 123064 126268 89579 115119 160972 34695 100862 112500 115873 166565 76435 121691 19721 64407 32093 103220 92990 26376 192950 46119 116620 149898 117478 196688 140109 1204 192106 156733 96326
200
0 0 0 0 0 0 0 0 0 0 0 0 0 0 0 0 0 0 0 0 0 0 0 0 0 0 0 0 0 0 0 0 0 0 0 0 0 0 0 0 0 0 0 0 0 0 0 0 0 0 0 0 0 0 0 0 0 0 0 0 0 0 0 0 0 0 0 0 0 0 0 0 0 0 0 0 0 0 0 0 0 0 0 0 0 0 0 0 0 0 0 0 0 0 0 0 0 0 0 0 0 0 0 0 0 0 0 0 0 0 0 0 0 0 0 0 0 0 0 0 0 0 0 0 0 0 0 0 0 0 0 0 0 0 0 0 0 0 0 0 0 0 0 0 0 0 0 0 0 0 0 0 0 0 0 0 0 0 0 0 0 0 0 0 0 0 0 0 0 0 0 0 0 0 0 0 0 0 0 0 0 0 0 0 0 0 0 0 0 0 0 0 0 0 0 0 0 0 0 0
200
152995 58394 111060 85265 132092 71525 111646 95852 121062 159862 151363 85864 87939 199551 29605 162375 184526 134562 82845 53118 66684 34798 141827 169851 39601 128818 97687 89619 8359 65618 101095 54226 156228 36928 81900 170812 35416 96035 14573 48357 14487 140159 42424 140136 157493 122280 85967 173607 187877 99599 13042 94291 176739 18075 146180 131043 59864 89142 58784 37889 62454 52778 94926 162602 172448 161520 183156 92434 130092 62470 76878 29002 161933 67873 150178 3803 142262 10396 102400 188425 134359 186903 130419 147332 194262 155241 49565 29566 49388 52329 112608 168977 7041 68740 192092 29683 131920 177 179342 183050 96056 130717 8008 165755 9816 96962 87116 139696 73758 162046 17355 66549 4023 184662 125742 142616 3596 170167 7531 172350 135070 64772 85536 136424 69817 177735 178062 133622 24154 165622 146458 66815 157222 79633 107507 121476 129674 75962 114118 83581 20514 109993 153249 108494 61793 84859 191557 158835 19298 83538 113963 175300 23987 13102 7002 193612 77786 10533 130019 43864 133070 146740 157838 169341 197743 100235 43645 112378 52599 63861 172026 110421 102246 59599 134055 146853 103766 32747 91080 100694 135092 126076 74116 163581 149533 116471 172204 182302 61319 116387 98544 19078 126903 178073 177616 142441 189701 23129 67887 68416
200
66715 149705 96995 65677 60183 65628 122904 30828 160824 92511 123943 74506 197426 151375 59678 168812 188012 127952 31066 176153 101384 96562 2626 127802 530 152916 183508 118488 99595 19926 1639 127287 66874 131261 145240 37421 125535 3547 104592 45187 94253 127362 134420 43469 44031 146095 86396 141000 95123 182326 86125 73776 129043 167254 157908 47091 181296 4019 24260 12551 18866 69388 81564 189272 125676 44060 35165 117125 125279 171299 136910 177851 30400 52066 123605 106159 50929 109488 79130 99803 111327 147352 88039 146837 43845 167572 17889 72740 190035 177247 63987 70700 82924 79283 83358 98063 133992 22025 126118 113131 39045 69666 77116 4411 33536 15145 66084 119670 108581 194821 18822 94136 166222 128530 142943 93816 52063 108200 171825 51492 127209 38160 5204 45775 147176 135619 127756 199655 35987 16421 16513 36269 72518 87302 136914 75772 80073 25938 184204 158421 172959 75249 30065 62839 153028 8057 126624 179583 35464 4202 87280 79449 3829 193508 134900 152131 143617 29506 78155 177148 141509 87980 35536 111137 187246 39758 10839 143125 36581 190431 179800 36705 64271 56728 139142 110625 191952 153132 196725 181330 120682 99882 196456 186272 120363 2066 174399 161243 108619 22962 63142 162751 176507 8463 173129 11682 24577 50576 38676 59850
200
4266 1817 17300 13763 159655 35272 40935 5424 92760 38377 178715 132598 116764 80109 55361 148476 160645 186279 131177 20331 143252 107828 182560 70332 92976 8407 74827 170503 144965 62943 161081 183600 61012 178985 197863 172232 16427 197754 177759 185554 152379 166130 186001 104849 149660 48626 8684 30589 45639 20851 152504 182486 27749 170917 139163 108509 93492 190561 92157 123371 191043 61412 12998 88366 62936 43932 92550 127424 96504 106515 103112 198439 85238 87300 145331 77683 196507 10769 119046 164585 52085 3301 160184 41587 109083 2454 72614 198006 142630 1978 156904 143956 64741 51463 1941 177642 89817 59869 96968 43131 98251 22488 30324 176442 139530 194005 54849 1463 127729 163503 136398 141232 108378 108951 551 26729 173120 165450 140587 117521 173655 139023 27286 131868 130439 158025 175307 24339 58815 183040 180718 33928 97997 136229 156554 136268 77776 120235 39952 105267 73967 75798 125378 181647 57941 79797 131744 48976 69411 186553 30120 139285 23322 56779 192355 61619 172300 90424 143310 13643 28942 88306 115261 48423 113892 75501 109884 56169 101843 58403 88768 123781 151937 13685 98722 141993 120734 25169 111912 77059 29622 125892 151233 124646 158926 191146 94218 130533 29903 12585 100824 28368 26229 82237 156933 145591 58658 23289 127351 68492
200
5288 182993 45296 181448 152641 52041 157116 86564 132156 9687 151628 71698 123381 117317 115680 130484 94518 98205 68614 6751 165110 128270 189454 89313 193005 148863 85222 23285 112827 136393 132865 149820 21180 159614 127103 169512 151214 16591 13702 189863 129825 169902 163359 81258 166114 31510 50256 86139 93252 15812 40812 94966 85339 44424 175109 147682 4766 148515 8141 93820 156704 130928 121278 124606 68570 157447 116587 172381 68 24910 73718 89796 32423 72914 54808 110960 112423 173566 76593 148880 53622 65163 131574 120106 175002 136263 17760 37361 151747 33635 37910 152539 75640 97700 79349 65589 171287 55178 198914 179930 172308 118312 185965 42321 35993 168375 28971 9953 138037 173268 81373 154507 103386 38842 195740 63306 144043 169433 83079 159870 6262 165475 134268 3 49783 68929 151830 77887 61845 170390 81454 63659 26151 96735 167556 79231 186437 148154 30086 168288 52685 14540 118131 80980 140255 25184 90915 36291 161530 115741 8508 186217 2432 145415 4428 100292 176801 130026 185902 126903 62116 8471 99960 48746 104177 111632 180081 112617 74078 122359 127790 153501 90249 91708 25664 25164 17313 78013 82820 155320 119295 132996 8288 184953 23768 95525 97425 35274 52139 91981 193805 140782 162889 22023 175642 59716 175249 66562 140185 174210
200
1 1 1 1 0 0 1 0 1 0 1 0 1 1 0 0 0 1 1 1 0 0 1 1 0 1 0 0 0 1 1 0 1 0 0 0 0 1 1 1 1 1 1 1 1 1 1 1 1 0 0 1 0 1 1 1 1 1 0 1 1 0 1 0 1 0 1 1 0 1 0 0 0 0 0 1 1 1 1 0 0 0 0 0 0 1 0 0 1 0 0 1 0 1 0 1 0 0 0 0 0 0 0 0 1 1 1 1 0 1 0 0 1 0 1 0 1 1 1 1 1 0 1 0 0 1 0 0 1 0 1 1 1 0 0 1 1 1 0 0 0 0 0 1 0 0 1 1 1 1 1 0 1 0 1 1 1 0 1 1 1 0 1 0 1 1 1 1 1 0 0 0 1 0 0 1 1 1 0 1 1 1 1 1 1 1 1 0 0 1 1 0 1 1 0 0 1 0 0 1
200
55413 13755 43492 26986 47291 56330 50566 13493 86292 21420 67728 42024 73644 87720 78744 21012 1269 315 996 618 1083 1290 1158 309 101097 25095 79348 49234 86279 102770 92254 24617 109134 27090 85656 53148 93138 110940 99588 26574 116325 28875 91300 56650 99275 118250 106150 28325 120555 29925 94620 58710 102885 122550 110010 29355 150165 37275 117860 73130 128155 152650 137030 36565 131 204 3 239 258 275 285 355 423 105 332 206 361 430 386 103 13835 110606 199550 174285 114708 112995 174311 183681 57595 132372 41404 154419 184181 132612 115943 100041 35037 57552 132046 41207 167750 175659 20599 88490 84699 1653 175591 148549 45158 93786 56337 5949 4727 129107 4218 22190 112789 59930 79962 39832 162775 102607 167920 86643 113397 93017 57922 45763 160983 71271 35547 49608 15269 42699 60636 106194 111519 174527 168035 96050 77264 69287 94181 136188 74084 83856 123878 95896 89635 127004 83406 24582 141821 142720 43690 2013 69895 143344 155772 130319 43908 175602 137561 79565 37825 192668 583 100949 196048 196867 66003 19325 41705 13497 152406 168415 84402 161413 107693 152680 8196 168393 135408 144309 61183 56428 80624 42820 198307 130852 124586 148917 79004 27458 95280 12928 127016 13318 23066 177946
200
48345 76766 45415 15822 71492 83798 128627 60358 90830 107238 84970 88193 91709 56100 89080 52700 18360 82960 97240 149260 70040 105400 124440 98600 102340 106420 34155 54234 32085 11178 50508 59202 90873 42642 64170 75762 60030 62307 64791 63690 101132 59830 20844 94184 110396 169454 79516 119660 141276 111940 116186 120818 11385 18078 10695 3726 16836 19734 30291 14214 21390 25254 20010 20769 21597 54450 86460 51150 17820 80520 94380 144870 67980 102300 120780 95700 99330 103290 61875 98250 58125 20250 91500 107250 164625 77250 116250 137250 108750 112875 117375 37950 60260 35650 12420 56120 65780 100970 47380 71300 84180 66700 69230 71990 37290 59212 35030 12204 55144 64636 99214 46556 70060 82716 65540 68026 70738 40755 64714 38285 13338 60268 70642 108433 50882 76570 90402 71630 74347 77311 11385 18078 10695 3726 16836 19734 30291 14214 21390 25254 20010 20769 21597 17490 27772 16430 5724 25864 30316 46534 21836 32860 38796 30740 31906 33178 52965 84102 49755 17334 78324 91806 140919 66126 99510 117486 93090 96621 100473 293 340 207 386 69 330 375 230 226 247 69 106 321 165 262 155 54 244 286 439 206 310 366 290 301 313 176175 164005 126901 124019 111616
200
1 1 0 1 0 0 1 1 1 0 1 1 0 1 0 1 0 0 1 0 0 1 0 0 1 0 0 1 1 0 1 1 1 1 0 0 0 0 1 1 0 0 1 0 1 0 1 1 1 1 1 1 0 0 0 0 0 0 0 0 1 1 1 0 1 1 0 0 0 0 1 1 0 1 0 1 0 0 0 1 0 1 0 1 1 0 0 1 0 1 1 1 1 0 0 1 0 1 1 0 0 0 0 1 1 1 0 0 0 0 0 1 0 0 0 0 0 1 0 0 1 1 1 0 0 1 1 1 0 0 1 0 1 0 0 0 0 1 1 0 0 1 0 1 1 0 0 1 1 0 0 0 0 1 0 0 0 1 0 1 1 0 0 0 1 1 0 0 0 1 0 0 1 0 1 1 0 0 0 0 1 1 0 0 1 0 0 0 0 1 0 0 1 1 1 0 0 0 1 0
200
65537 65537 131073 131073 131073 65537 131073 65537 131073 131073 131073 131073 131073 131073 131073 131073 131073 131073 131073 131073 65537 65537 65537 65537 65537 65537 65537 65537 65537 65537 131073 131073 131073 131073 131073 131073 131073 131073 65537 131073 65537 65537 65537 131073 131073 65537 65537 65537 131073 131073 65537 131073 65537 131073 65537 131073 65537 65537 131073 65537 131073 65537 131073 65537 65537 131073 131073 65537 131073 131073 65537 131073 131073 131073 131073 131073 65537 131073 65537 131073 65537 65537 65537 131073 65537 131073 65537 131073 131073 65537 131073 65537 65537 131073 131073 131073 65537 131073 131073 65537 65537 65537 131073 131073 65537 65537 131073 131073 131073 65537 65537 65537 65537 65537 131073 131073 65537 65537 131073 65537 65537 65537 65537 65537 65537 131073 65537 65537 65537 65537 131073 131073 131073 131073 131073 131073 65537 65537 65537 65537 65537 65537 131073 131073 65537 65537 131073 65537 65537 65537 65537 131073 131073 65537 65537 131073 65537 131073 131073 131073 65537 65537 65537 131073 65537 65537 65537 65537 131073 131073 131073 131073 65537 131073 131073 65537 65537 131073 131073 131073 65537 131073 65537 131073 65537 131073 131073 65537 131073 131073 131073 65537 131073 131073 131073 131073 65537 65537 65537 65537
200
9977 197881 157399 160296 32210 89724 177443 199072 159160 17165 44813 63638 156379 6732 190597 29759 78943 105683 48391 3832 25269 186580 68698 154290 81590 169683 13022 168449 94140 32532 125570 192373 47008 34926 86488 63661 16227 20876 50278 135430 33520 33858 127164 182940 6798 184098 93400 87274 120628 121335 154143 46690 154468 49847 75502 53765 24969 104458 26448 101138 154838 84331 121858 196956 105751 179865 155033 29990 10787 61260 160069 105303 56724 90961 39180 120751 149513 109535 97539 109086 62570 116792 43898 194451 159220 117657 149788 20250 191639 147926 35512 52693 99424 49015 65091 95736 71790 198216 155732 73265 6529 91545 143839 21437 137426 36298 115829 199773 54326 83002 26280 137542 190643 153075 21635 194629 150747 41992 183338 184470 153714 83628 49594 148342 172286 11691 120546 54280 22263 116346 76049 130310 132575 70406 168524 39468 59228 135423 173475 109776 139130 62232 101948 5964 184755 110793 148885 117748 175088 83082 94706 153251 62371 127921 35089 21851 95383 156694 67980 48263 1233 98939 161553 32939 2770 139955 102884 177909 146514 159150 151289 176707 119355 172558 49977 35371 39630 98042 130888 37094 29831 11483 56928 105014 15725 187247 159818 174764 20265 3338 20075 56753 50875 92932 135607 53134 62915 96315 160606 32619
200
181617 60216 132327 82342 149906 125465 78310 168955 165965 5901 48661 13513 152581 28668 149355 141398 86735 81125 137403 91747 150693 141899 88609 67502 36330 198809 42574 193895 132659 105158 94938 168629 141374 179898 128452 198292 27641 189119 28680 49276 162164 76217 3757 121493 21391 18868 170199 115943 194637 193238 138627 180557 44885 158620 183215 38993 155729 110282 109985 141555 120942 90548 60338 101967 37926 152415 33358 22001 40764 131521 96372 192196 95059 81295 66746 125396 96078 55903 158471 40806 127960 31763 90298 143503 145781 29371 151945 188112 46635 128085 134182 95137 13782 24019 47594 143856 58881 70045 130943 138449 113061 157911 26501 159133 32364 7850 6876 4144 167094 143016 50929 44667 89698 107632 171458 77084 7979 29688 109300 67553 9745 172482 51142 101119 13100 94204 59188 138955 40801 12520 79460 40314 196713 131796 126718 73698 129755 174654 8766 104304 192047 11846 32009 15198 81831 93072 6461 51090 168639 102037 5281 187745 165447 79787 113766 44962 138364 125668 168122 191535 136365 130342 129275 98454 109021 142318 94423 14997 95669 126788 7896 1270 70374 167682 7127 51090 180219 7306 65193 139286 49674 96608 47502 86220 108026 40383 155157 116738 113445 117884 114350 115485 14194 18066 11511 193390 132324 73079 64987 165822
200
48970 54946 64906 62582 59262 29880 38180 23240 16600 12948 18592 43492 64310 72158 85238 82186 77826 39240 50140 30520 21800 17004 24416 57116 10915 12247 14467 13949 13209 6660 8510 5180 3700 2886 4144 9694 63425 71165 84065 81055 76755 38700 49450 30100 21500 16770 24080 56330 110625 124125 146625 141375 133875 67500 86250 52500 37500 29250 42000 98250 72275 81095 95795 92365 87465 44100 56350 34300 24500 19110 27440 64190 92630 103934 122774 118378 112098 56520 72220 43960 31400 24492 35168 82268 131570 147626 174386 168142 159222 80280 102580 62440 44600 34788 49952 116852 114165 128097 151317 145899 138159 69660 89010 54180 38700 30186 43344 101394 119475 134055 158355 152685 144585 72900 93150 56700 40500 31590 45360 106110 83190 93342 110262 106314 100674 50760 64860 39480 28200 21996 31584 73884 100595 112871 133331 128557 121737 61380 78430 47740 34100 26598 38192 89342 166 218 37 215 375 245 314 446 387 405 282 341 295 331 391 377 357 180 230 140 100 78 112 262 111543 12253 13344 11847 150386 21503 74426 133765 62724 53019 58336 137378 196956 177400 117642 129722 26422 133716 103679 161191 190038 171470 178729 62337 131417 67872 191074 93945 171705 113978 139545 182722
200
1 1 1 1 1 1 1 1 1 1 1 1 1 1 1 1 1 1 1 1 1 1 1 1 1 1 1 1 1 1 1 1 1 1 1 1 1 1 1 1 1 1 1 1 1 1 1 1 1 1 1 1 1 1 1 1 1 1 1 1 1 1 1 1 1 1 1 1 1 1 1 1 1 1 1 1 1 1 1 1 1 1 1 1 1 1 1 1 1 1 1 1 1 1 1 1 1 1 1 1 1 1 1 1 1 1 1 1 1 1 1 1 1 1 1 1 1 1 1 1 1 1 1 1 1 1 1 1 1 1 1 1 1 1 1 1 1 1 1 1 1 1 1 1 1 1 1 1 1 1 1 1 1 1 1 1 1 1 1 1 1 1 1 1 1 1 1 1 1 1 1 1 1 1 1 1 1 1 1 1 1 1 1 1 1 1 1 1 1 1 1 1 1 1 1 1 1 1 1 1
200
0 0 0 0 0 0 0 0 0 0 0 0 0 0 0 0 0 0 0 0 0 0 0 0 0 0 0 0 0 0 0 0 0 0 0 0 0 0 0 0 0 0 0 0 0 0 0 0 0 0 0 0 0 0 0 0 0 0 0 0 0 0 0 0 0 0 0 0 0 0 0 0 0 0 0 0 0 0 0 0 0 0 0 0 0 0 0 0 0 0 0 0 0 0 0 0 0 0 0 0 131160 139082 190883 92811 43400 136769 64560 26404 185658 8196 187357 123593 43995 83969 18528 175552 192879 17622 18681 21323 187410 56570 78767 71613 82607 79995 123804 135890 118983 144392 132363 18718 16985 44929 11959 9795 69086 137132 175120 50534 109332 120772 59590 66903 23279 24720 184649 95614 175652 95620 45782 35745 165045 147140 199804 15397 70285 97063 41712 67596 48232 107629 29133 57702 47533 154312 59894 97750 197748 182338 139124 174050 26894 96910 103793 27494 57538 121768 174495 126 63044 33635 31832 41235 100141 169724 30334 61296 104867 51072 183318 58634 18732 151620 164338 10592 111179 35508 186172 135211
200
19929 8103 76650 86724 51903 70299 9636 4380 63510 92418 9636 36127 14689 138950 157212 94089 127437 17468 7940 115130 167534 17468 10192 4144 39200 44352 26544 35952 4928 2240 32480 47264 4928 18200 7400 70000 79200 47400 64200 8800 4000 58000 84400 8800 22750 9250 87500 99000 59250 80250 11000 5000 72500 105500 11000 10192 4144 39200 44352 26544 35952 4928 2240 32480 47264 4928 7826 3182 30100 34056 20382 27606 3784 1720 24940 36292 3784 33943 13801 130550 147708 88401 119733 16412 7460 108170 157406 16412 31122 12654 119700 135432 81054 109782 15048 6840 99180 144324 15048 27573 11211 106050 119988 71811 97263 13332 6060 87870 127866 13332 5733 2331 22050 24948 14931 20223 2772 1260 18270 26586 2772 219 397 112 200 250 112 86 373 342 303 63 91 37 350 396 237 321 44 20 290 422 44 111951 35046 64154 92216 81770 53859 101152 60715 146746 74184 93279 140676 121592 39098 174177 95852 134104 7160 134904 182788 85369 77856 54855 17526 82674 155415 64870 183840 160152 183293 139271 10946 20025 190511 49343 33701 197687 115801 88601 117626 59448 96592 10623 193786 8021 117215 189816 123600 179794 107204 8932 16268 97561 103593 70484 167789 174354
200
41521 115236 77896 30776 50052 122736 69045 4244 46813 143048 168673 198473 43175 81344 97550 36941 61305 40230 3840 65015 194524 85612 33803 177546 90376 187909 17523 157127 75448 172129 183694 161924 14890 93854 178945 169960 63483 122257 152139 84228 38076 195087 142882 86451 102659 138293 56837 102887 178609 119747 44427 5363 21720 179274 75321 116378 184503 129731 142892 4320 137615 48646 37139 66208 165660 97716 128147 148289 95510 28507 100952 191823 156392 56885 155026 158574 113009 29293 172960 49846 164437 80609 17601 100785 124881 149394 49898 38521 179146 28443 143106 90818 156740 24346 16737 158631 16461 38849 159315 159744 115606 106025 169848 129752 87261 127715 75726 115260 25860 191033 81567 181565 129113 103650 690 50678 44198 149960 7452 30543 30188 54872 5188 195476 53416 130031 60095 41504 184456 107548 117637 14427 158100 179056 183481 172173 61478 13207 86617 196576 96276 131047 185467 18098 38533 29814 26552 101709 5017 24192 92970 71125 174424 10199 30795 35877 119833 67297 168956 132193 6835 183486 149618 159339 8781 142508 179770 142754 135088 38354 146167 59489 174953 10892 182189 134272 174198 28080 2732 155174 90926 168346 123737 46222 65964 96568 184867 107220 91298 44227 68348 42281 14367 122684 5770 78905 78081 171708 24147 183362
200
90785 75040 22110 16415 54605 86095 73030 105190 20770 95475 13065 67000 85425 114633 94752 27918 20727 68949 108711 92214 132822 26226 120555 16497 84600 107865 5420 4480 1320 980 3260 5140 4360 6280 1240 5700 780 4000 5100 107858 89152 26268 19502 64874 102286 86764 124972 24676 113430 15522 79600 101490 60975 50400 14850 11025 36675 57825 49050 70650 13950 64125 8775 45000 57375 42276 34944 10296 7644 25428 40092 34008 48984 9672 44460 6084 31200 39780 42276 34944 10296 7644 25428 40092 34008 48984 9672 44460 6084 31200 39780 11924 9856 2904 2156 7172 11308 9592 13816 2728 12540 1716 8800 11220 64227 53088 15642 11613 38631 60909 51666 74418 14694 67545 9243 47400 60435 72086 59584 17556 13034 43358 68362 57988 83524 16492 75810 10374 53200 67830 36043 29792 8778 6517 21679 34181 28994 41762 8246 37905 5187 26600 33915 87262 72128 21252 15778 52486 82754 70196 101108 19964 91770 12558 64400 82110 26829 22176 6534 4851 16137 25443 21582 31086 6138 28215 3861 19800 25245 335 423 20 398 225 156 156 44 237 266 133 322 99 271 224 66 49 163 257 218 314 62 285 39 200 255 123032 186977 3217 10598 76712
200
0 0 0 0 0 0 0 0 0 0 0 0 0 0 0 0 0 0 0 0 0 0 0 0 0 0 0 0 0 0 0 0 0 0 0 0 0 0 0 0 0 0 0 0 0 0 0 0 0 0 0 0 0 0 0 0 0 0 0 0 0 0 0 0 0 0 0 0 0 0 0 0 0 0 0 0 0 0 0 0 0 0 0 0 0 0 0 0 0 0 0 0 0 0 0 0 0 0 0 0 155228 123232 86882 122395 33169 116646 3263 36820 99366 32527 79579 5892 86337 45288 119783 170789 99768 93967 8064 143087 186064 59067 198809 172849 98648 82363 120825 190784 153257 2759 115350 59687 131217 35640 19875 60559 38174 105457 31504 117689 154736 126602 138944 86445 87196 37950 108247 124892 71494 81944 78160 33275 144261 82143 91651 43802 42701 162261 2097 26030 60433 140979 84014 139005 75052 191820 93812 98371 124907 117387 88254 195773 52258 59673 134645 128897 83300 111632 69423 39052 74466 33373 146629 108999 11350 49111 102367 62612 74763 29079 104175 144926 21351 47398 180049 17743 160126 26395 29598 31829
200
200000 200000 200000 200000 200000 200000 200000 200000 200000 200000 200000 200000 200000 200000 200000 200000 200000 200000 200000 200000 200000 200000 200000 200000 200000 200000 200000 200000 200000 200000 200000 200000 200000 200000 200000 200000 200000 200000 200000 200000 200000 200000 200000 200000 200000 200000 200000 200000 200000 200000 200000 200000 200000 200000 200000 200000 200000 200000 200000 200000 200000 200000 200000 200000 200000 200000 200000 200000 200000 200000 200000 200000 200000 200000 200000 200000 200000 200000 200000 200000 200000 200000 200000 200000 200000 200000 200000 200000 200000 200000 200000 200000 200000 200000 200000 200000 200000 200000 200000 200000 200000 200000 200000 200000 200000 200000 200000 200000 200000 200000 200000 200000 200000 200000 200000 200000 200000 200000 200000 200000 200000 200000 200000 200000 200000 200000 200000 200000 200000 200000 200000 200000 200000 200000 200000 200000 200000 200000 200000 200000 200000 200000 200000 200000 200000 200000 200000 200000 200000 200000 200000 200000 200000 200000 200000 200000 200000 200000 200000 200000 200000 200000 200000 200000 200000 200000 200000 200000 200000 200000 200000 200000 200000 200000 200000 200000 200000 200000 200000 200000 200000 200000 200000 200000 200000 200000 200000 200000 200000 200000 200000 200000 200000 200000 200000 200000 200000 200000 200000 200000
200
56090 51350 25675 115735 36340 39895 41080 102305 3555 6532 5980 2990 13478 4232 4646 4784 11914 414 53392 48880 24440 110168 34592 37976 39104 97384 3384 44588 40820 20410 92002 28888 31714 32656 81326 2826 29678 27170 13585 61237 19228 21109 21736 54131 1881 47854 43810 21905 98741 31004 34037 35048 87283 3033 10650 9750 4875 21975 6900 7575 7800 19425 675 17892 16380 8190 36918 11592 12726 13104 32634 1134 55664 50960 25480 114856 36064 39592 40768 101528 3528 395 46 376 314 209 337 75 126 392 142 130 65 293 92 101 104 259 9 195764 139380 138146 27199 142876 171695 38272 46538 169110 90822 51747 45857 46817 123023 14870 110218 42831 169217 150927 181365 13945 84767 167069 131861 95438 181723 65150 73869 136425 156801 1574 59733 70893 107103 114732 136739 52008 112981 34688 59919 190487 28889 175671 178353 64227 57835 153714 69086 159990 153339 183930 123879 196261 161166 31829 188896 178808 177646 195830 169132 9865 29137 5216 19076 7931 130221 113533 177462 41425 109273 11158 177477 3556 64397 116377 53005 16992 160691 30433 30014 144671 20871 28218 100263 152697 164768 50029 25744 34903 81141 127656 128670 25104 78691 78970 121277 41037 180645 168924 167250 119384
3
65537 65537 131073
200
33453 15714 34182 10206 2916 8586 26244 33048 21222 27135 34911 22437 24462 135877 63826 138838 41454 11844 34874 106596 134232 86198 110215 141799 91133 99358 109445 51410 111830 33390 9540 28090 85860 108120 69430 88775 114215 73405 80030 98707 46366 100858 30114 8604 25334 77436 97512 62618 80065 103009 66203 72178 166026 77988 169644 50652 14472 42612 130248 164016 105324 134670 173262 111354 121404 37583 17654 38402 11466 3276 9646 29484 37128 23842 30485 39221 25207 27482 59472 27936 60768 18144 5184 15264 46656 58752 37728 48240 62064 39888 43488 38409 18042 39246 11718 3348 9858 30132 37944 24366 31155 40083 25761 28086 170569 80122 174286 52038 14868 43778 133812 168504 108206 138355 178003 114401 124726 151984 71392 155296 46368 13248 39008 119232 150144 96416 123280 158608 101936 111136 64015 30070 65410 19530 5580 16430 50220 63240 40610 51925 66805 42935 46810 56581 26578 57814 17262 4932 14522 44388 55896 35894 45895 59047 37949 41374 47495 22310 48530 14490 4140 12190 37260 46920 30130 38525 49565 31855 34730 81 329 265 239 402 91 144 93 413 368 155 137 115 413 194 422 126 36 106 324 408 262 335 431 277 302 106442 76419 189315 126400 70339
200
82677 95697 8680 3689 13671 16275 60109 50561 38862 44982 4080 1734 6426 7650 28254 23766 62484 72324 6560 2788 10332 12300 45428 38212 57912 67032 6080 2584 9576 11400 42104 35416 80772 93492 8480 3604 13356 15900 58724 49396 131826 152586 13840 5882 21798 25950 95842 80618 100203 115983 10520 4471 16569 19725 72851 61279 101346 117306 10640 4522 16758 19950 73682 61978 217 102 164 152 212 346 263 266 381 441 40 17 63 75 277 233 151200 197159 20340 75982 154895 64372 172311 101107 131005 133501 71678 61625 36806 86783 163850 71100 136729 66907 155773 63044 101897 158202 161744 120251 179990 29423 127833 130692 153317 31589 71676 136776 111419 99704 107304 28724 128933 155843 37216 62671 51181 54140 102500 64087 142246 16515 82764 139031 962 198111 66725 14403 144219 174197 102914 14341 21874 125521 147020 65587 145070 44481 92603 70388 142571 139057 14455 8001 42366 88241 80139 57278 113316 175143 49392 9318 180263 139811 67733 141001 176352 151110 74840 194438 89939 107009 12544 177414 61111 195308 131984 27236 143124 51174 91233 122844 101378 45898 163954 11473 2946 63902 25367 54729 79449 69842 110454 33874 183986 163311 75516 32831 21419 83338 4890 34527 9940 43663 191152 82601
200
57457 114028 197595 142805 99535 30637 67950 37637 99973 37070 193783 107503 68086 44636 61496 27353 100731 147307 188393 27425 46109 90555 116604 117257 62243 118142 9646 7255 157977 87269 114610 38375 45407 27948 132429 45298 124549 899 70772 156714 169161 172690 142151 26264 148470 59382 134262 49382 192976 107733 42793 183531 132541 69966 129455 133516 136939 34151 188801 82177 93445 42147 109443 54154 49671 139772 193705 95223 165538 24884 24438 161903 90100 54955 92863 122443 42063 35346 22562 7480 87619 63484 23622 5991 183929 169083 107704 114617 134312 179049 12076 47684 14097 73915 108477 163527 101808 135578 81304 63762 18341 29469 73715 85081 171677 180214 38944 131239 138881 5898 164179 157257 43521 174840 73118 193082 64148 16651 160058 145287 189692 175519 66293 40801 97807 29925 63524 97542 195380 42082 48811 20377 15968 185526 114659 130299 77581 16009 161979 180260 18125 47661 170178 23623 80524 196695 90627 118548 64196 183898 90289 12932 192392 127913 36964 47000 123482 9785 75969 102912 1777 144270 92382 26725 151444 48927 88713 168404 121264 81953 195218 152292 157807 104672 199634 16379 104215 138442 104725 83135 101475 28775 90699 191758 25623 160487 30159 66535 44959 48931 156553 83512 20206 171855 149509 84715 131324 589 151261 117046
