30
6
5 2 4 6 3 1
6
2 4 8 16 32 64
3
1 1 1
3
200000 200000 200000
200
13950 7425 23850 16725 12750 23775 32850 21900 23025 6675 62496 33264 106848 74928 57120 106512 147168 98112 103152 29904 57474 30591 98262 68907 52530 97953 135342 90228 94863 27501 62682 33363 107166 75151 57290 106829 147606 98404 103459 29993 26226 13959 44838 31443 23970 44697 61758 41172 43287 12549 8742 4653 14946 10481 7990 14899 20586 13724 14429 4183 43896 23364 75048 52628 40120 74812 103368 68912 72452 21004 41478 22077 70914 49729 37910 70691 97674 65116 68461 19847 25296 13464 43248 30328 23120 43112 59568 39712 41752 12104 31434 16731 53742 37687 28730 53573 74022 49348 51883 15041 75 336 309 337 141 47 236 223 136 169 186 99 318 223 170 317 438 292 307 89 5004 98205 183630 68301 104223 192613 37302 91882 184892 99061 138733 175690 16988 50034 80350 130542 66092 79946 104109 189979 153588 40006 95450 147384 146225 94930 164419 164903 88283 192520 91444 26441 2158 103472 92318 102808 93221 126736 106742 63822 175473 20615 30628 14430 155264 87725 24043 36232 88461 99728 157117 99706 15656 105153 22080 124784 151712 2148 199158 147749 15243 126457 27374 87367 188592 141403 30591 156155 179355 193977 115359 170268 76545 28723 150686 113381 25937 97245 173720 49841
200
59793 31451 178266 89462 150227 59633 56195 5931 179720 69327 149001 126450 171612 3680 91687 131831 12282 2268 27408 27956 26626 32398 72710 39689 181504 108290 18689 8808 17078 149535 59514 103846 59516 151294 39099 33880 115375 46811 127181 159165 49162 71487 94463 192750 93989 155079 5156 7087 12597 26353 95772 113066 168376 188733 17562 45709 25490 150905 53297 55331 176684 9833 143124 12947 197131 47817 136438 15264 54491 86265 20952 131484 2845 39114 157136 14008 173742 106025 162666 44138 108774 23144 63196 177316 112886 29499 85543 63140 99781 195398 53930 108128 2332 127689 116177 106489 8334 124435 173952 109497 22948 102769 138949 10195 115673 150642 40776 47844 46458 7581 152668 120304 3046 160513 142842 53067 190764 55087 173934 64520 7098 188210 17132 39591 133466 2924 81981 20719 99642 184916 30468 147327 121973 14019 14717 14590 97782 149789 147282 82624 11865 167410 60342 134352 99387 83505 7105 64100 84641 91557 44980 184738 149352 177790 91554 6909 60817 113129 189131 1868 73042 162956 148772 61062 6755 20213 172750 139357 15988 92824 92446 35981 185845 83213 29430 149908 51805 46057 192880 78413 115274 9205 144303 91190 130993 157318 73847 88973 134965 105341 116357 106423 27917 68017 104611 85627 174257 66526 92714 160133
200
54208 18788 66220 61138 14322 13552 14322 61248 21228 74820 69078 16182 15312 16182 38720 13420 47300 43670 10230 9680 10230 120032 41602 146630 135377 31713 30008 31713 19008 6588 23220 21438 5022 4752 5022 6688 2318 8170 7543 1767 1672 1767 55968 19398 68370 63123 14787 13992 14787 154 174 110 341 54 19 159 352 122 430 397 93 88 93 130465 12459 30971 30279 111183 112635 111426 142576 24113 132525 76470 170322 111013 21833 136588 123351 84089 77032 123029 154401 73867 94002 147561 69735 59044 180196 128013 50760 138246 56927 128609 2697 7822 48279 87905 109121 119712 190609 139991 92303 163567 180196 92599 69974 192091 32955 126407 174473 135139 57301 133957 152213 124721 34294 60772 149670 184939 40178 33107 45290 29781 84503 180151 17222 131259 165316 158951 117053 96821 96886 168923 125003 166628 118271 196040 36266 160003 11018 102860 34762 118619 78110 192377 196487 17373 54239 198708 131663 19341 174151 78056 129862 28056 81330 6258 171715 52363 29184 79697 69172 198177 162955 69201 75434 26253 5435 175535 73640 167674 198308 194695 194799 41611 110949 67443 116766 128707 139846 149037 189841 174643 65627 78288 29759 34917 49212 180014 79788 43501 26939 130976 31605 8975 24941 50 111063 53038
200
11101 73711 118450 53782 11996 60667 98030 124662 65459 162212 21593 15097 150931 187679 193481 196156 175083 41240 65554 126427 196794 112406 107955 39880 103201 82383 46261 103076 6705 27901 186921 71335 133861 180974 73829 39406 87139 184734 130891 187203 139625 144877 23904 133781 11888 54998 158221 1450 175856 97036 145257 157895 190335 168450 9279 162926 28603 67940 154716 195179 7032 195313 8748 40032 89045 3532 59331 145215 132793 30261 9352 66695 54829 91309 161877 92160 170499 59318 141213 157695 41750 101126 80726 106864 56752 11903 164043 139281 22924 25078 102377 42447 98515 150668 82754 176421 75447 24977 165188 40706 67865 26025 37963 62512 5806 146089 61122 172133 130380 88543 89124 1085 100432 1649 26192 150663 47663 110590 127537 102214 138199 195403 142174 140200 148 191648 104001 180479 14221 158255 110093 21334 170063 110109 71397 124008 115273 98264 143397 77602 75450 143255 64589 26393 70134 165708 126592 190579 171236 35424 118926 116378 153807 177338 53612 44328 86603 111762 90524 51946 39096 174561 54630 111710 75522 141640 88669 127933 117919 107087 194190 139067 100024 32257 123811 132627 56640 9545 9322 43133 158755 72298 14878 27459 159114 109492 48364 188105 41540 26031 114603 120824 51940 38240 128018 68757 149647 107595 64781 159748
200
177898 90416 102715 80865 25932 151209 48115 136592 10039 142722 70540 119423 125038 132111 74914 179348 140492 12403 33877 131324 167457 97472 178763 183382 24973 148054 79035 76313 106913 97997 191044 108607 165131 131218 193729 151528 142457 58756 164688 26977 6620 19071 9901 29487 49303 140541 139220 37774 156273 21131 114450 131932 109446 17132 153465 193121 128049 21985 169949 191166 57672 37079 105161 35499 36432 86616 51222 116586 88814 62716 107642 40296 56414 64212 114301 22941 91637 143039 184256 149806 189121 166176 118841 66454 199805 135738 140985 170150 97165 115184 148263 180401 37303 125915 22719 13486 100952 117321 181472 157340 150661 25644 31921 70679 74911 126366 167415 169076 192820 79335 136893 21177 108196 189614 86175 108287 62737 54245 108500 187327 4383 89041 35607 180580 31588 192296 63298 165481 54777 84098 125862 36461 35141 132985 140728 155047 157607 131694 92387 78110 175741 59105 141505 119244 179806 57549 97418 26709 141127 165676 83634 142314 193136 6523 125576 87804 31770 177942 112038 159721 77140 106733 6522 97032 188571 47063 151602 121894 124694 21659 154566 164919 141185 58989 110785 49930 49939 129602 41411 135554 171513 67257 56547 118654 74274 143996 182451 192146 148638 188225 175944 167863 111213 174762 111981 47228 69083 78546 134233 137876
200
39984 63376 71808 32096 110160 6800 102000 28016 76976 26656 61472 34545 54755 62040 27730 95175 5875 88125 24205 66505 23030 53110 7791 12349 13992 6254 21465 1325 19875 5459 14999 5194 11978 36750 58250 66000 29500 101250 6250 93750 25750 70750 24500 56500 24108 38212 43296 19352 66420 4100 61500 16892 46412 16072 37064 47628 75492 85536 38232 131220 8100 121500 33372 91692 31752 73224 35574 56386 63888 28556 98010 6050 90750 24926 68486 23716 54692 43512 68968 78144 34928 119880 7400 111000 30488 83768 29008 66896 26460 41940 47520 21240 72900 4500 67500 18540 50940 17640 40680 36162 57318 64944 29028 99630 6150 92250 25338 69618 24108 55596 39837 63143 71544 31978 109755 6775 101625 27913 76693 26558 61246 272 235 53 250 164 324 242 296 180 246 271 147 233 264 118 405 25 375 103 283 98 226 160653 65734 11228 105372 40298 40341 19986 148292 4166 148829 1400 104521 179299 141148 5132 101733 190766 75328 142928 107306 134114 139195 144405 197548 23313 168770 59103 110036 1907 179107 46328 143495 53682 194757 87678 80204 92029 143299 149003 33939 34142 129776 145531 120238 29732 139447 79033 145599 156281 16999 171580 30939 49080 84586 195265 66687 130094
200
1 1 1 1 0 1 1 1 0 1 1 1 0 1 1 0 0 0 1 1 0 0 0 0 1 0 1 0 0 1 0 1 1 0 1 0 0 1 0 0 1 0 1 0 1 0 1 0 1 1 1 1 0 0 1 0 0 0 1 1 0 0 0 1 1 0 0 1 0 0 0 0 1 1 1 0 1 0 1 1 1 1 0 0 0 0 1 1 0 1 1 1 1 1 0 0 0 1 1 1 0 0 0 0 0 1 0 1 1 1 1 0 0 0 1 0 0 1 0 1 1 1 1 1 1 1 1 0 0 1 1 0 1 0 0 1 1 0 1 0 0 1 0 0 0 0 1 0 0 0 1 0 1 1 1 1 1 0 1 0 1 0 1 1 0 0 1 1 0 1 0 0 0 1 0 0 0 1 1 1 0 1 0 1 0 1 0 1 0 1 1 1 1 0 0 0 0 0 1 0
200
17549 29168 48101 198993 46271 145205 51316 52707 198035 134394 172098 139864 85996 49829 17232 198484 186009 35133 197607 106862 107492 119755 136314 50010 87602 22497 46460 111963 144461 46304 186027 163132 187498 58659 61440 44061 41372 110797 199611 191186 1252 129250 116200 140184 109411 58624 156123 14724 60160 80992 23231 166694 43396 111067 130017 153093 107702 43720 166405 160171 23908 108160 150357 115799 94281 54002 32700 175433 64824 7242 186625 156630 62506 7685 8291 67606 78218 165900 87799 182931 90861 79150 71835 170461 136138 187965 138907 131988 49820 164005 165060 36327 132969 154069 55397 187652 41675 187167 99333 184367 76488 148707 199816 129424 79982 138500 70915 148976 40783 51144 103802 90029 45466 126027 68749 198354 62144 23682 77817 93324 66236 15178 197646 101036 82007 73103 71477 88327 84338 147893 50750 132113 104592 153805 33808 44578 137976 1028 87737 147463 114940 174097 25966 173068 198198 144945 1519 122857 124120 170451 136863 6542 197196 193407 182549 51973 36069 154707 164342 97248 97156 116649 190620 117466 112422 139899 1073 148175 92885 182232 75738 130417 170042 6526 164140 131814 193112 175682 106561 194539 159861 17402 137212 44281 105805 75067 155272 13045 71392 43202 853 89495 112651 122727 20383 41613 6339 135585 161165 70278
200
61920 43086 53406 6450 100620 43860 95460 107328 57534 85914 38958 28638 105006 35280 24549 30429 3675 57330 24990 54390 61152 32781 48951 22197 16317 59829 51600 35905 44505 5375 83850 36550 79550 89440 47945 71595 32465 23865 87505 60000 41750 51750 6250 97500 42500 92500 104000 55750 83250 37750 27750 101750 52080 36239 44919 5425 84630 36890 80290 90272 48391 72261 32767 24087 88319 107280 74649 92529 11175 174330 75990 165390 185952 99681 148851 67497 49617 181929 17280 12024 14904 1800 28080 12240 26640 29952 16056 23976 10872 7992 29304 75600 52605 65205 7875 122850 53550 116550 131040 70245 104895 47565 34965 128205 75360 52438 64998 7850 122460 53380 116180 130624 70022 104562 47414 34854 127798 61680 42919 53199 6425 100230 43690 95090 106912 57311 85581 38807 28527 104599 89520 62291 77211 9325 145470 63410 138010 155168 83179 124209 56323 41403 151811 53760 37408 46368 5600 87360 38080 82880 93184 49952 74592 33824 24864 91168 98160 68303 84663 10225 159510 69530 151330 170144 91207 136197 61759 45399 166463 258 147 215 250 217 447 72 315 314 257 373 224 409 240 167 207 25 390 170 370 416 223 333 151 111 407 84423 173062 166985 62442 99125
200
2273 172180 153930 57194 49112 100209 197872 133598 63352 80889 119050 41448 67615 174543 128113 72450 21683 31276 70687 118448 163105 38415 98005 1369 137748 148520 188241 142898 15784 128019 65875 36137 96094 114922 156264 84642 76962 186876 176104 90683 24866 123760 146639 20367 45959 174287 130450 132970 112381 182162 72511 182442 140230 32509 102156 49799 100571 35249 117659 108498 77374 125490 175517 16988 24151 81559 61603 44832 29296 190542 57443 25443 42940 41927 131929 7040 189021 145917 115746 15709 104822 197088 42163 140853 26410 137657 88267 29080 89256 96528 173377 34744 69036 791 172342 90091 14256 45706 156953 174289 3776 179009 137042 73926 199478 93712 41868 107457 172956 170738 22732 17151 101641 157797 37904 127541 62549 89144 104219 97447 117791 183900 178532 80634 72977 167053 13963 58139 103833 173539 9494 166713 90996 52812 41210 191301 173738 54332 60206 161534 90273 137565 4878 34964 145163 33085 46021 1431 165472 112019 26786 158069 61262 9413 55017 49424 116838 148267 89888 66560 193198 22245 128020 62439 181450 144208 194508 99877 72255 8239 189652 31216 51963 54352 15936 81578 45694 78798 83497 199163 96409 185794 127699 198459 97101 136586 31918 84041 99608 45540 140520 32161 163273 130484 118209 117687 4003 121727 170504 67075
200
61825 106650 13528 123056 102838 181216 47403 46408 155871 35476 70139 73572 148543 31100 160948 9528 58974 88829 34318 175848 92916 11573 85417 69497 82201 86398 184655 82798 72135 25693 57963 195396 159802 19901 166575 6821 114821 36855 133971 105810 46087 58688 24502 68525 120700 144897 7876 122089 55359 32328 112918 38021 139103 195715 36644 25117 114112 160920 117762 46660 33208 90987 63841 14450 61668 192737 27268 13368 2911 170622 162103 33186 109749 160250 96320 38781 69440 135189 27174 181679 189096 196033 104644 99950 170783 149346 183019 92267 193988 150991 116622 61601 185567 29539 122846 116334 112417 65734 118881 178385 129856 18417 190236 70964 141366 38457 26850 141544 23952 68861 174443 47780 141240 198018 162 187791 119947 117411 53179 159400 113544 130256 65444 116589 62417 114365 78620 93494 142565 64586 13037 159797 147316 156818 6986 68370 149795 46293 149223 163439 163617 139008 91260 68349 197931 22725 49116 190087 68948 40789 110460 15998 105978 147166 8980 15299 44729 111945 122324 133474 148629 93990 42126 19809 103850 154570 47763 175569 154909 118142 64791 119941 105676 24085 102512 83633 38127 101484 41416 72258 172614 60174 195910 69087 36439 87890 97 153319 69500 183547 27238 44130 89809 47056 184359 98017 31072 146235 134784 62047
200
0 0 0 1 0 0 0 1 1 0 0 1 1 0 1 0 0 0 1 1 0 1 1 1 1 1 1 1 1 0 1 1 0 0 1 0 1 1 1 0 1 0 1 0 0 1 1 0 1 0 0 0 1 1 1 1 1 0 1 0 0 1 0 1 0 1 0 0 0 0 0 1 0 0 0 0 0 0 1 1 0 1 0 1 0 1 1 0 0 0 0 0 0 1 1 0 0 1 1 0 1 1 1 1 1 0 1 0 1 0 1 1 0 0 0 1 1 1 1 0 1 0 1 0 0 1 0 1 0 0 1 1 0 0 1 1 0 0 0 1 0 0 0 1 0 1 1 1 0 0 0 0 1 0 1 0 1 1 0 1 1 0 0 1 1 1 0 1 1 0 1 0 1 1 0 0 0 1 1 1 1 0 0 1 1 1 0 1 0 0 1 1 0 0 0 1 1 0 0 1
200
31320 39870 18630 8190 28440 11070 19440 5400 109272 139102 64998 28574 99224 38622 67824 18840 8352 10632 4968 2184 7584 2952 5184 1440 98484 125369 58581 25753 89428 34809 61128 16980 54984 69994 32706 14378 49928 19434 34128 9480 91872 116952 54648 24024 83424 32472 57024 15840 49416 62906 29394 12922 44872 17466 30672 8520 52200 66450 31050 13650 47400 18450 32400 9000 90 314 24 283 158 264 142 150 348 443 207 91 316 123 216 60 113535 39211 81208 194904 101604 84954 137934 152111 104730 13357 15090 181617 143376 51215 89235 140289 16186 45022 122591 70870 5557 123613 74879 126224 99873 116649 95732 69817 61074 56774 99186 73107 144750 132312 194470 90389 150441 19137 33363 117758 12011 124406 7084 110607 70164 143925 109227 196656 173959 151650 118035 8332 179430 100453 84102 148485 199221 151341 122849 101782 166294 129808 99482 163586 118003 180217 175280 97814 168829 97763 147956 61158 11137 45835 100671 28681 66335 54431 114182 133149 80738 124066 94265 43466 14298 183705 39636 191625 165845 187754 50970 177008 196097 112074 179395 173710 173139 13193 170631 45651 19192 175597 75655 77310 12147 94912 69107 2881 71752 171371 184065 126118 12726 193921 199655 151131 164326 172648 187271 171347
200
22289 61647 131798 72097 88464 144745 31892 65685 49560 130116 44657 199467 171441 94614 77875 179326 110758 50863 127178 60630 155821 176353 173659 79719 59876 198413 105217 179997 154818 179047 99391 172672 17422 140360 51006 181230 113749 8719 159825 165289 194469 47807 109572 47707 110180 6520 127857 55780 44592 190990 119261 46554 83670 1078 123967 92961 6129 39651 101375 105933 10502 4693 85384 153745 83269 57341 54040 179913 59908 1516 125197 137765 83823 142527 83255 76283 59278 93429 98744 87944 144049 35340 127914 106062 136228 54988 102624 92921 12469 120104 77483 161679 82090 34825 138898 143336 157376 148869 92816 97723 9914 47305 136328 13064 177228 118859 169711 198799 192091 91403 87392 13263 76692 26587 40490 161060 995 93838 174943 65638 52625 133419 90314 125851 73113 16146 9554 64419 104038 88267 155295 4031 25615 139369 115306 55059 17472 189270 127316 183120 21127 11383 87104 12181 102362 63228 110985 152283 53120 46114 135516 122098 2935 70223 109455 74979 188605 65983 45522 115033 48954 101106 107218 180962 176911 148438 184797 178766 95469 35319 37539 162731 60379 97532 110549 166719 94892 22584 179820 154656 77946 189768 188816 102288 7036 73023 195404 164496 35193 1190 86066 103628 153744 98913 40977 146121 96828 101061 99016 166710
200
0 0 0 0 0 0 0 0 0 0 0 0 0 0 0 0 0 0 0 0 0 0 0 0 0 0 0 0 0 0 0 0 0 0 0 0 0 0 0 0 0 0 0 0 0 0 0 0 0 0 0 0 0 0 0 0 0 0 0 0 0 0 0 0 0 0 0 0 0 0 0 0 0 0 0 0 0 0 0 0 0 0 0 0 0 0 0 0 0 0 0 0 0 0 0 0 0 0 0 0 0 0 0 0 0 0 0 0 0 0 0 0 0 0 0 0 0 0 0 0 0 0 0 0 0 0 0 0 0 0 0 0 0 0 0 0 0 0 0 0 0 0 0 0 0 0 0 0 0 0 0 0 0 0 0 0 0 0 0 0 0 0 0 0 0 0 0 0 0 0 0 0 0 0 0 0 0 0 0 0 0 0 0 0 0 0 0 0 0 0 0 0 0 0 0 0 0 0 0 0
200
200000 200000 200000 200000 200000 200000 200000 200000 200000 200000 200000 200000 200000 200000 200000 200000 200000 200000 200000 200000 200000 200000 200000 200000 200000 200000 200000 200000 200000 200000 200000 200000 200000 200000 200000 200000 200000 200000 200000 200000 200000 200000 200000 200000 200000 200000 200000 200000 200000 200000 200000 200000 200000 200000 200000 200000 200000 200000 200000 200000 200000 200000 200000 200000 200000 200000 200000 200000 200000 200000 200000 200000 200000 200000 200000 200000 200000 200000 200000 200000 200000 200000 200000 200000 200000 200000 200000 200000 200000 200000 200000 200000 200000 200000 200000 200000 200000 200000 200000 200000 200000 200000 200000 200000 200000 200000 200000 200000 200000 200000 200000 200000 200000 200000 200000 200000 200000 200000 200000 200000 200000 200000 200000 200000 200000 200000 200000 200000 200000 200000 200000 200000 200000 200000 200000 200000 200000 200000 200000 200000 200000 200000 200000 200000 200000 200000 200000 200000 200000 200000 200000 200000 200000 200000 200000 200000 200000 200000 200000 200000 200000 200000 200000 200000 200000 200000 200000 200000 200000 200000 200000 200000 200000 200000 200000 200000 200000 200000 200000 200000 200000 200000 200000 200000 200000 200000 200000 200000 200000 200000 200000 200000 200000 200000 200000 200000 200000 200000 200000 200000
3
65537 65537 131073
200
65537 131073 65537 131073 131073 65537 131073 131073 131073 131073 65537 131073 131073 131073 131073 131073 131073 65537 131073 131073 131073 65537 65537 131073 131073 65537 131073 131073 65537 131073 131073 131073 65537 131073 131073 65537 65537 65537 131073 65537 65537 131073 131073 131073 131073 65537 65537 65537 65537 131073 65537 131073 131073 65537 131073 131073 131073 131073 131073 65537 131073 131073 65537 65537 131073 131073 65537 65537 65537 131073 131073 65537 131073 131073 65537 65537 65537 65537 65537 131073 131073 65537 65537 65537 131073 65537 131073 131073 131073 65537 131073 131073 65537 131073 65537 131073 65537 65537 65537 131073 131073 65537 65537 131073 65537 65537 65537 65537 65537 131073 131073 131073 65537 131073 131073 65537 131073 131073 65537 65537 65537 131073 65537 65537 65537 65537 131073 131073 65537 65537 65537 131073 65537 131073 131073 65537 131073 65537 131073 131073 131073 65537 131073 65537 131073 131073 65537 65537 131073 65537 131073 131073 131073 65537 65537 131073 65537 65537 65537 65537 65537 65537 65537 131073 131073 131073 65537 65537 65537 65537 131073 131073 131073 131073 131073 131073 65537 131073 65537 65537 131073 131073 131073 65537 131073 131073 65537 131073 131073 131073 65537 65537 131073 65537 65537 131073 65537 131073 131073 131073
200
0 0 0 0 0 0 0 0 0 0 0 0 0 0 0 0 0 0 0 0 0 0 0 0 0 0 0 0 0 0 0 0 0 0 0 0 0 0 0 0 0 0 0 0 0 0 0 0 0 0 0 0 0 0 0 0 0 0 0 0 0 0 0 0 0 0 0 0 0 0 0 0 0 0 0 0 0 0 0 0 0 0 0 0 0 0 0 0 0 0 0 0 0 0 0 0 0 0 0 0 23582 76823 174658 154896 62203 40831 152256 30807 17809 29706 90801 144193 116484 77860 192488 69324 109099 143895 20809 137565 9143 82978 179569 147718 37029 142699 805 108615 168833 121671 139654 10758 101043 66857 150084 117048 111674 194987 76492 161460 54842 162670 68665 15904 26232 70108 24741 96834 74440 12286 47482 9187 95134 2957 149380 6104 117009 57786 101341 97204 64575 95276 71988 176324 31875 149463 86626 15366 140593 20053 84352 130789 43630 148556 57966 62513 195153 31389 161473 188570 74597 109420 58393 153562 169588 136761 1729 131201 110173 50145 49459 133998 151381 194009 49284 71670 33675 186541 60640 149167
200
16115 66804 124818 105773 66804 86435 47466 8204 46880 21560 89376 166992 141512 89376 115640 63504 10976 62720 7150 29640 55380 46930 29640 38350 21060 3640 20800 1650 6840 12780 10830 6840 8850 4860 840 4800 12485 51756 96702 81947 51756 66965 36774 6356 36320 23815 98724 184458 156313 98724 127735 70146 12124 69280 24530 101688 189996 161006 101688 131570 72252 12488 71360 1760 7296 13632 11552 7296 9440 5184 896 5120 385 1596 2982 2527 1596 2065 1134 196 1120 293 392 130 30 227 433 446 32 7 55 228 426 361 228 295 162 28 160 104226 140022 137408 197995 151063 67216 106969 49888 69817 142278 195150 27248 6557 74288 108227 170061 34951 18697 88352 101839 145257 193483 182735 132095 123435 145192 149245 140123 5021 109393 83542 24404 101713 802 163139 116193 172616 153863 43154 125396 87601 60805 17848 8141 13116 66696 85115 17579 68092 60786 131129 109231 170194 193938 153858 138645 130088 141018 191727 141923 181803 56614 141279 198994 57622 174931 89272 603 150842 69131 23286 182092 3429 185539 183589 122142 152327 99212 43220 92903 168161 152368 173644 89959 479 6422 165259 87795 127549 77564 11529 71880 186363 137486 26624 149363 24071 148204 179468 87930 198489
200
30668 7462 34932 36408 34194 17138 33292 130526 31759 148674 154956 145533 72941 141694 83776 20384 95424 99456 93408 46816 90944 38896 9464 44304 46176 43368 21736 42224 2244 546 2556 2664 2502 1254 2436 127908 31122 145692 151848 142614 71478 138852 12716 3094 14484 15096 14178 7106 13804 82 349 224 104 6 342 34 374 91 426 444 417 209 406 106345 167467 198776 89410 94557 47305 177311 135236 86451 19837 171535 38024 45943 116819 47205 147294 153537 142715 191514 165428 138141 156543 66854 175843 184204 8753 136939 113039 154793 61521 138849 125577 38848 154902 58739 80896 78384 193167 197838 21449 102116 19628 73125 7088 52175 38909 105057 28278 188313 120009 43536 132546 62991 165280 180097 52325 191054 63729 179093 93819 4619 96819 175223 12092 197474 106236 123461 128810 27418 28230 190450 33489 118211 133753 63388 131332 138963 151545 158414 57406 149205 141832 34375 9130 43710 89866 141247 113180 177322 61392 38255 147065 87094 87971 199504 23554 115366 145302 82120 162514 168223 169668 190335 185780 195628 5172 85453 188906 99168 115031 79607 105976 100852 13957 49177 74367 132767 126052 11559 113681 143486 71606 80878 32421 27948 179330 141321 137440 19301 142855 116665 141426 167135 161524 127554 55854 86590
200
85202 78116 145833 103468 162300 103663 121950 142232 188022 120932 39320 85886 199319 72056 32011 69213 7186 193370 64542 193179 160864 155916 53817 70026 55734 89236 135283 163507 18830 169469 26465 21787 188016 99941 52175 53090 187875 187402 63872 137087 79387 196221 75526 119430 66530 46388 63024 190547 149098 153254 143671 100848 121280 95469 131106 93180 101181 50150 191496 37974 37022 150224 117299 18509 184306 28533 128049 39272 137665 148158 30166 95462 179862 128597 35876 191257 142408 197106 39427 102121 152901 35502 193890 14505 132736 56230 81165 165156 126049 71032 189259 180954 145087 22963 137206 54111 98784 19902 23609 70316 116453 76913 14219 132626 125674 55716 96104 84520 12115 105277 102939 194727 117112 152646 90695 66194 71618 19489 30851 124924 77610 122755 126990 110831 55725 118098 77537 156724 33846 87804 158088 5649 114265 177888 93357 197233 66639 150487 69984 32372 145844 87856 165451 156829 47366 156661 109411 79154 106606 4073 76441 169638 180372 159038 128921 53640 39781 194968 154181 40570 161072 128940 189739 105270 78816 197283 136723 150654 149991 16837 115428 194416 14390 5140 44411 49924 48530 66607 80090 6273 107775 67508 8374 180040 33057 186849 184901 1455 74314 93709 131412 51707 15630 123830 45834 35642 157462 75218 12631 80965
200
0 0 0 0 0 0 0 0 0 0 0 0 0 0 0 0 0 0 0 0 0 0 0 0 0 0 0 0 0 0 0 0 0 0 0 0 0 0 0 0 0 0 0 0 0 0 0 0 0 0 0 0 0 0 0 0 0 0 0 0 0 0 0 0 0 0 0 0 0 0 0 0 0 0 0 0 0 0 0 0 0 0 0 0 0 0 0 0 0 0 0 0 0 0 0 0 0 0 0 0 10851 18122 97460 180239 39899 86355 26431 193064 26391 78934 174743 57810 175250 46531 175336 107036 111835 188106 23311 164841 137797 110625 60442 103912 75163 66757 175567 56901 95537 86665 51087 91860 66929 7197 51179 121017 78105 10052 133007 112701 107331 138171 79837 142456 51452 192370 93734 35152 155990 162204 131467 147813 99427 13014 1636 122440 175182 87713 156349 163570 124399 174143 148344 102615 84654 160176 123192 198977 143084 43356 31748 43105 177595 34481 19841 108784 13248 134888 88473 8978 114500 96444 169335 66003 160158 142951 51650 155196 164450 50014 33598 115938 197917 7784 12417 168677 24496 62000 112756 41706
200
1 1 1 1 1 1 1 1 1 1 1 1 1 1 1 1 1 1 1 1 1 1 1 1 1 1 1 1 1 1 1 1 1 1 1 1 1 1 1 1 1 1 1 1 1 1 1 1 1 1 1 1 1 1 1 1 1 1 1 1 1 1 1 1 1 1 1 1 1 1 1 1 1 1 1 1 1 1 1 1 1 1 1 1 1 1 1 1 1 1 1 1 1 1 1 1 1 1 1 1 1 1 1 1 1 1 1 1 1 1 1 1 1 1 1 1 1 1 1 1 1 1 1 1 1 1 1 1 1 1 1 1 1 1 1 1 1 1 1 1 1 1 1 1 1 1 1 1 1 1 1 1 1 1 1 1 1 1 1 1 1 1 1 1 1 1 1 1 1 1 1 1 1 1 1 1 1 1 1 1 1 1 1 1 1 1 1 1 1 1 1 1 1 1 1 1 1 1 1 1
200
157355 22296 41288 57609 63864 77074 81324 124659 91930 139867 114546 69980 146747 118539 45256 160856 84845 40903 111380 28761 23457 124560 98361 20388 31785 175019 105487 156818 112903 64793 68727 63637 11908 120377 30136 130506 19481 165328 93091 175321 44270 62212 110336 130637 88910 147119 118334 66957 96304 149132 195397 37035 112503 162508 22062 195801 6150 6629 82355 75544 182411 75147 183927 69959 163358 107274 8785 251 8916 55013 92355 119871 22614 156257 83695 9614 34313 158342 165626 80754 138048 32573 28713 84876 155449 129113 188498 164329 24832 133501 199601 133962 198278 52068 125601 181012 112951 132894 100661 22100 102701 89799 53733 119856 127364 105608 73932 156404 159245 85139 38705 186048 36934 16474 184281 57932 18540 105492 34978 177401 183011 27849 92788 113579 52709 28071 96100 12015 90852 80172 93467 104543 36115 71407 194665 77151 16771 111483 110255 90039 145371 190850 72333 99881 165431 60535 141791 12347 197426 9041 98123 180271 18066 56785 113634 93682 45134 145810 17198 59404 17760 12706 137329 179949 78784 25380 72145 184914 35607 143512 196187 69226 118180 166956 184210 35826 31416 115666 95651 75159 51546 50224 161787 102148 2429 118000 46583 192789 176034 148315 115661 5961 109524 147986 51801 19308 38308 108359 138160 85210
200
27398 15656 26265 36874 15553 22248 15656 26677 40479 17407 8549 23587 23999 532 304 510 716 302 432 304 518 786 338 166 458 466 14364 8208 13770 19332 8154 11664 8208 13986 21222 9126 4482 12366 12582 29526 16872 28305 39738 16761 23976 16872 28749 43623 18759 9213 25419 25863 39368 22496 37740 52984 22348 31968 22496 38332 58164 25012 12284 33892 34484 99218 56696 95115 133534 56323 80568 56696 96607 146589 63037 30959 85417 86909 35112 20064 33660 47256 19932 28512 20064 34188 51876 22308 10956 30228 30756 53200 30400 51000 71600 30200 43200 30400 51800 78600 33800 16600 45800 46600 532 304 510 716 302 432 304 518 786 338 166 458 466 104006 59432 99705 139978 59041 84456 59432 101269 153663 66079 32453 89539 91103 68096 38912 65280 91648 38656 55296 38912 66304 100608 43264 21248 58624 59648 61180 34960 58650 82340 34730 49680 34960 59570 90390 38870 19090 52670 53590 532 304 510 716 302 432 304 518 786 338 166 458 466 103 2 54 111 148 373 132 200 2 391 256 230 2 266 152 255 358 151 216 152 259 393 169 83 229 233 171614 176730 175170 133595 142293
